[Profil]
rootx = [1.0, 1.0, 0.9917793702028795, 0.983603373216405, 0.9743428757372201, 0.9707952073407404, 0.9582719063253738, 0.9457963103600093, 0.9346977603460433, 0.9236371866241184, 0.9126145891942344, 0.9016300533963734, 0.888602819786621, 0.875629521045565, 0.8627101571732052, 0.8498445574895777, 0.8370329780146285, 0.8242752480683935, 0.8136004110656259, 0.8029636356948813, 0.7923648366161775, 0.7818040991694969, 0.7725421509106161, 0.7633095596055824, 0.757451908573229, 0.7514076189999912, 0.7483864129531755, 0.7279679688324731, 0.7075795643854749, 0.6872210716022078, 0.6674201902620766, 0.6476477271359894, 0.6279036395539552, 0.6081880128559563, 0.5885008043720015, 0.5688420141020907, 0.5492116847162151, 0.5450102693867478, 0.5408551936675685, 0.5366955522593462, 0.5325313451620807, 0.528362529705781, 0.5241891912304293, 0.5200112443960434, 0.5158287318726144, 0.5026539027637951, 0.48943384346445507, 0.4775920675462545, 0.46571427815560157, 0.45380043262250536, 0.4418505736169568, 0.4289055650799717, 0.4159185692717863, 0.4028895861924005, 0.38981857317182345, 0.376705530210055, 0.3635504999770862, 0.3537992762657477, 0.3440250960992204, 0.33371111921082364, 0.3289306507677142, 0.32026539966377754, 0.3115454456313055, 0.3027707886702981, 0.29417146270254485, 0.285520250025666, 0.27681715063966156, 0.2680621645445316, 0.25925529174027595, 0.2503965322268948, 0.24148586466939248, 0.23146528663950522, 0.22611978217481604, 0.2205268771019771, 0.21489768120174396, 0.208148974081138, 0.20134887095630363, 0.19449732915724977, 0.18778905185317052, 0.18103219476427262, 0.17422680056054715, 0.167372826572003, 0.16047028346613798, 0.15364373561434588, 0.14677033611237295, 0.1398500849602192, 0.13288300349288013, 0.12209031197481242, 0.11192048498370476, 0.10627738933388474, 0.09951222226422846, 0.09269574453032586, 0.0858279721334236, 0.07796141792209603, 0.07002861854965213, 0.062029574016091875, 0.05396428432141529, 0.045832749465622366, 0.037634969448713106, 0.030366125804617353, 0.023045982163773057, 0.010729735946574441, 0.0, 0.0, 0.05592841067852369, 0.05592841067852369, 0.9440715893214763, 0.9440715893214763, 1.0]
rooty = [0.0, 0.0787023876505536, 0.07933892790964749, 0.07996464065851061, 0.08066432183687143, 0.08092978251873618, 0.08185535862975393, 0.08275941839778109, 0.08354841853492244, 0.0843202653356588, 0.08507495879999014, 0.08581249892791648, 0.08666813892359145, 0.08749947835935933, 0.08830649590022459, 0.089089202213685, 0.08984758663224279, 0.09058165982339574, 0.09117948773310296, 0.09176016230640519, 0.0923236835433024, 0.09287004077629685, 0.09333664779600535, 0.0937899737809973, 0.09407141437451298, 0.09435675927221039, 0.09449744223272606, 0.09541427099557709, 0.09627050837112686, 0.0970661436918776, 0.09778286086416801, 0.0984420908910066, 0.09904384443989109, 0.09958810017582596, 0.100074868766309, 0.1005041502113402, 0.10087595517841731, 0.10094812080079284, 0.10101688349138156, 0.1010831286524979, 0.1011468456166441, 0.10120804505131792, 0.10126672695651937, 0.10132288066475068, 0.1013765168435096, 0.10152866736412189, 0.10165590927745453, 0.10174847115555541, 0.10182118082031692, 0.10187403827173906, 0.10190704350982183, 0.10192037788202721, 0.10191056378408404, 0.10187759054849457, 0.10182146884275656, 0.10174218799937224, 0.10163975868583937, 0.10154915962732712, 0.10144589824896864, 0.10132354204961205, 0.10126218260247177, 0.10114356002733269, 0.10101469665433987, 0.10087560315099109, 0.10073029049644572, 0.10057525975143707, 0.10041053225096065, 0.10023608666002096, 0.10005194431361351, 0.09985808387674278, 0.09965451601690653, 0.09941551072949727, 0.09928371379461927, 0.09914265747168184, 0.09899747282710965, 0.09881926160945916, 0.09863521527053158, 0.09844532314282918, 0.09825516432768266, 0.098059490416192, 0.09785829074085943, 0.09765157596918271, 0.09743934610116184, 0.09722553744347186, 0.09700639503689973, 0.09678194021644097, 0.09655215164710006, 0.09618883800824334, 0.09583867739412999, 0.09564128601549927, 0.09540182202568614, 0.09515749365689248, 0.09490829024162054, 0.09461920105220785, 0.09432381803911422, 0.09402215186983741, 0.09371420254437743, 0.09339995939523651, 0.09307943308991241, 0.09279216804261742, 0.0925000386163419, 0.09200223983317057, 0.09156224822038402, 0.0, 0.0, -0.022371364271409476, -0.022371364271409476, 0.0, 0.0]
roots = [4, 4, 0, 0, 0, 0, 0, 0, 0, 0, 0, 0, 0, 0, 0, 0, 0, 0, 0, 0, 0, 0, 0, 0, 0, 0, 0, 0, 0, 0, 0, 0, 0, 0, 0, 0, 0, 0, 0, 0, 0, 0, 0, 0, 0, 0, 0, 0, 0, 0, 0, 0, 0, 0, 0, 0, 0, 0, 0, 0, 0, 0, 0, 0, 0, 0, 0, 0, 0, 0, 0, 0, 0, 0, 0, 0, 0, 0, 0, 0, 0, 0, 0, 0, 0, 0, 0, 0, 0, 0, 0, 0, 0, 0, 0, 0, 0, 0, 0, 0, 0, 0, 4, 4, 4, 4, 4, 4, 4]
tipx = [1.0, 1.0, 0.9917793702028795, 0.983603373216405, 0.9743428757372201, 0.9707952073407404, 0.9582719063253738, 0.9457963103600093, 0.9346977603460433, 0.9236371866241184, 0.9126145891942344, 0.9016300533963734, 0.888602819786621, 0.875629521045565, 0.8627101571732052, 0.8498445574895777, 0.8370329780146285, 0.8242752480683935, 0.8136004110656259, 0.8029636356948813, 0.7923648366161775, 0.7818040991694969, 0.7725421509106161, 0.7633095596055824, 0.757451908573229, 0.7514076189999912, 0.7483864129531755, 0.7279679688324731, 0.7075795643854749, 0.6872210716022078, 0.6674201902620766, 0.6476477271359894, 0.6279036395539552, 0.6081880128559563, 0.5885008043720015, 0.5688420141020907, 0.5492116847162151, 0.5450102693867478, 0.5408551936675685, 0.5366955522593462, 0.5325313451620807, 0.528362529705781, 0.5241891912304293, 0.5200112443960434, 0.5158287318726144, 0.5026539027637951, 0.48943384346445507, 0.4775920675462545, 0.46571427815560157, 0.45380043262250536, 0.4418505736169568, 0.4289055650799717, 0.4159185692717863, 0.4028895861924005, 0.38981857317182345, 0.376705530210055, 0.3635504999770862, 0.3537992762657477, 0.3440250960992204, 0.33371111921082364, 0.3289306507677142, 0.32026539966377754, 0.3115454456313055, 0.3027707886702981, 0.29417146270254485, 0.285520250025666, 0.27681715063966156, 0.2680621645445316, 0.25925529174027595, 0.2503965322268948, 0.24148586466939248, 0.23146528663950522, 0.22611978217481604, 0.2205268771019771, 0.21489768120174396, 0.208148974081138, 0.20134887095630363, 0.19449732915724977, 0.18778905185317052, 0.18103219476427262, 0.17422680056054715, 0.167372826572003, 0.16047028346613798, 0.15364373561434588, 0.14677033611237295, 0.1398500849602192, 0.13288300349288013, 0.12209031197481242, 0.11192048498370476, 0.10627738933388474, 0.09951222226422846, 0.09269574453032586, 0.0858279721334236, 0.07796141792209603, 0.07002861854965213, 0.062029574016091875, 0.05396428432141529, 0.045832749465622366, 0.037634969448713106, 0.030366125804617353, 0.023045982163773057, 0.010729735946574441, 0.0, 0.0, 0.05592841067852369, 0.05592841067852369, 0.9440715893214763, 0.9440715893214763, 1.0]
tipy = [0.0, 0.0787023876505536, 0.07933892790964749, 0.07996464065851061, 0.08066432183687143, 0.08092978251873618, 0.08185535862975393, 0.08275941839778109, 0.08354841853492244, 0.0843202653356588, 0.08507495879999014, 0.08581249892791648, 0.08666813892359145, 0.08749947835935933, 0.08830649590022459, 0.089089202213685, 0.08984758663224279, 0.09058165982339574, 0.09117948773310296, 0.09176016230640519, 0.0923236835433024, 0.09287004077629685, 0.09333664779600535, 0.0937899737809973, 0.09407141437451298, 0.09435675927221039, 0.09449744223272606, 0.09541427099557709, 0.09627050837112686, 0.0970661436918776, 0.09778286086416801, 0.0984420908910066, 0.09904384443989109, 0.09958810017582596, 0.100074868766309, 0.1005041502113402, 0.10087595517841731, 0.10094812080079284, 0.10101688349138156, 0.1010831286524979, 0.1011468456166441, 0.10120804505131792, 0.10126672695651937, 0.10132288066475068, 0.1013765168435096, 0.10152866736412189, 0.10165590927745453, 0.10174847115555541, 0.10182118082031692, 0.10187403827173906, 0.10190704350982183, 0.10192037788202721, 0.10191056378408404, 0.10187759054849457, 0.10182146884275656, 0.10174218799937224, 0.10163975868583937, 0.10154915962732712, 0.10144589824896864, 0.10132354204961205, 0.10126218260247177, 0.10114356002733269, 0.10101469665433987, 0.10087560315099109, 0.10073029049644572, 0.10057525975143707, 0.10041053225096065, 0.10023608666002096, 0.10005194431361351, 0.09985808387674278, 0.09965451601690653, 0.09941551072949727, 0.09928371379461927, 0.09914265747168184, 0.09899747282710965, 0.09881926160945916, 0.09863521527053158, 0.09844532314282918, 0.09825516432768266, 0.098059490416192, 0.09785829074085943, 0.09765157596918271, 0.09743934610116184, 0.09722553744347186, 0.09700639503689973, 0.09678194021644097, 0.09655215164710006, 0.09618883800824334, 0.09583867739412999, 0.09564128601549927, 0.09540182202568614, 0.09515749365689248, 0.09490829024162054, 0.09461920105220785, 0.09432381803911422, 0.09402215186983741, 0.09371420254437743, 0.09339995939523651, 0.09307943308991241, 0.09279216804261742, 0.0925000386163419, 0.09200223983317057, 0.09156224822038402, 0.0, 0.0, -0.022371364271409476, -0.022371364271409476, 0.0, 0.0]
tips = [4, 4, 0, 0, 0, 0, 0, 0, 0, 0, 0, 0, 0, 0, 0, 0, 0, 0, 0, 0, 0, 0, 0, 0, 0, 0, 0, 0, 0, 0, 0, 0, 0, 0, 0, 0, 0, 0, 0, 0, 0, 0, 0, 0, 0, 0, 0, 0, 0, 0, 0, 0, 0, 0, 0, 0, 0, 0, 0, 0, 0, 0, 0, 0, 0, 0, 0, 0, 0, 0, 0, 0, 0, 0, 0, 0, 0, 0, 0, 0, 0, 0, 0, 0, 0, 0, 0, 0, 0, 0, 0, 0, 0, 0, 0, 0, 0, 0, 0, 0, 0, 0, 4, 4, 4, 4, 4, 4, 4]
nameroot = FC_lid.dxf
nametip = FC_lid.dxf

[Transform]
croot = 89.4
ctip = 89.4
incidenceroot = 0.0
thicknessroot = 100.0
tethicknessroot = 0.0
vinvertroot = 0
incidencetip = 0.0
thicknesstip = 100.0
tethicknesstip = 0.0
vinverttip = 0
covering = 0.0
smooth = 1
nbrpoints = 201
repartition = 1.0
reducepoints = 0

[Bloc]
bloclx = 73.4
blochz = 50.0
fleading = 0.0
ftrailing = 0.0
mleading = 5.0
mtrailing = 1.0
cbcutboth = 0
cbrotdelta = 0
rbleftwing = 1
rbrightwing = 0
rbtabletoblockleft = 0
rbtabletoblockright = 1
bloctotableleft = 376.6
bloctotableright = 400.0
bloctotabletrailingroot = 200.0
hoffset = 0.0
hprofileroot = 10.0
hprofiletip = 10.0
cbalignprofiles = 3
angleinroot = 0.0
angleintip = 0.0
angleoutroot = 0.0
angleouttip = 0.0
gbextracutcmdsactive = 1
extracutcommands = X; LE;=; 0;=; 0;=; 8;=; 1;=; 8;=; 2;=; 10;=

[Material]
mspeednorm = 3.0
mspeedhalf = 1.5
mspeedmin = 0.5
mspeedmax = 4.0
mradspnorm = 1.1
mradsphalf = 2.2
mheatspnorm = 80.0
mname = grey 22kg/m3
mhotwire = NiCr, 800 mm x 0.3 mm, 24 V

[Table]
tableyy = 850.0
tableyg = 0.0
tableyd = 0.0
maxdiag = 1000.0
cmaxy = 660.0
cmaxz = 360.0
vmaxy = 16.0
vmaxz = 16.0
theatingmax = 100.0
tsvaluemin = 0.0
tsvaluemax = 1000.0
tname = My CNC
tcomport = Select port
tbaudrate = 115200
tpreheat = 4.0
tpostheat = 4.0
vcut = 3.0
gcodestart1 = 
gcodestart2 = 
gcodestart3 = 
gcodestart4 = 
gcodeend1 = 
gcodeend2 = 
gcodeend3 = 
gcodeend4 = 
gcodeletters = XYAZ

[Cut]
vcut = 3.0
vheat = 80.0
vusefoamparam = 1

[Guillotine]
gcuttingspeed = 3.0
gheating = 80.0
gusefoamparam = 1

