[Profil]
rootx = [1.0, 0.9971433238110794, 0.9942853976179921, 0.9914263603100899, 0.9885662118873729, 0.9857052301285448, 0.9828434844782816, 0.9794696537877349, 0.9760948508717251, 0.9727190757302524, 0.9693423978079927, 0.965321481627161, 0.9612994543315144, 0.957276385365729, 0.9532524136191565, 0.949227539091797, 0.9452019701176781, 0.9452019701176781, 0.92699746499155, 0.92699746499155, 0.43542294446537044, 0.43542294446537044, 0.376475039639021, 0.376475039639021, 0.08043207366246777, 0.08043207366246777, 0.06223139667410003, 0.06223139667410003, 0.0600299136413788, 0.05782904693015643, 0.0556288529642321, 0.053429388167405, 0.051230717644058815, 0.049503780463990434, 0.047777394501037226, 0.0460515901372449, 0.04432638907407469, 0.04260182603386456, 0.040877931398660215, 0.0391547268699229, 0.03743223848940608, 0.035710503149593835, 0.03398954472209352, 0.032300101156587185, 0.03061146054514626, 0.028923653269816454, 0.02723671188278961, 0.02552002430285879, 0.023804300267806448, 0.022089574499970555, 0.020375883891835193, 0.01866326316573833, 0.016982296190987303, 0.015302425140028244, 0.013623682565052994, 0.011946099933180333, 0.010235511548927385, 0.008526200295667653, 0.006818200353202566, 0.00511154535879703, 0.003406270848593801, 0.0017024110023943135, 4.434481350564586e-11, 0.0, 0.0, 0.0016399872917111113, 0.003284350683078666, 0.0042832738261905316, 0.005288403044676816, 0.006438060739716355, 0.0075955830443045925, 0.00876089074810805, 0.009933904640793247, 0.011114544426953645, 0.012302730896255765, 0.013498383753293066, 0.014701424872805131, 0.01591177504445848, 0.017129351802700452, 0.018354078107343692, 0.019585874748054715, 0.02076820073775246, 0.02195682883179055, 0.023151685245200816, 0.024352702703453456, 0.02555981176187254, 0.026772945145928265, 0.02799203124079858, 0.029217002771953684, 0.030506540490551636, 0.03180238248363606, 0.03310444628565429, 0.034412653771345905, 0.0357269268154505, 0.037047180782269276, 0.038494195154261626, 0.039948127952093175, 0.04140888368933452, 0.04287635819897177, 0.0443504429736988, 0.0458310425270862, 0.04731804835182784, 0.04881135628090982, 0.05031086648761052, 0.05181647480491602, 0.05332807706581244, 0.05484557344357815, 0.05636885543090699, 0.05789781886078509, 0.05960709539170686, 0.061323151459115974, 0.06304583949307609, 0.0647750249445276, 0.06651056024353415, 0.06825230650074389, 0.07000011614622048, 0.07175384595031983, 0.0734917814309381, 0.07523521606183131, 0.07698401529393988, 0.0787380489184964, 0.08049716068498006, 0.08236830407490248, 0.08424484678837818, 0.08612664125547086, 0.08801350518390617, 0.08990529100374779, 0.09180181642272141, 0.09408369902899677, 0.09637190110078145, 0.09866613617878726, 0.100966135164895, 0.10327159423864746, 0.10572244442203696, 0.10817878941540916, 0.11064029935655341, 0.11310662702209007, 0.11557744254980849, 0.11805239871632905, 0.12097417060834648, 0.1239006734189114, 0.1268313602712009, 0.12976567560780758, 0.13350462036262342, 0.13724741061636872, 0.14099289185130617, 0.14473992691086748, 0.1497364192602864, 0.15473094979761043, 0.1597207928193094, 0.16606046672933356, 0.1723826058586862, 0.18324701707339025, 0.20155751213615156, 0.21060124019857843, 0.21770593401978006, 0.22297655922741966, 0.2278402212729598, 0.23247919506953912, 0.23554924002524452, 0.24238087738070238, 0.24920770569235232, 0.255409479837155, 0.26160680952269844, 0.2677994690537857, 0.2739872500963892, 0.28016992695531207, 0.28623701315115496, 0.29229875210695144, 0.2983549528498428, 0.30440538968463227, 0.30953439983688835, 0.31465900025222304, 0.3197790520412846, 0.324894451037059, 0.33000502362785655, 0.33511066564666325, 0.34021123820412735, 0.3453066371332349, 0.3503966888222961, 0.355481323826635, 0.36056040325689975, 0.36563378822373854, 0.37047113073710247, 0.37530302184340614, 0.38012942682031164, 0.3849501720561291, 0.3897651881061826, 0.39457433608112025, 0.3993775118139283, 0.4041746458599306, 0.4088224738526906, 0.41346436432565886, 0.41810024783415944, 0.4227300202111785, 0.42743753590289746, 0.4321384890727413, 0.4368327755536963, 0.44152029117874836, 0.4462009317808837, 0.44962896404099123, 0.4530531768439228, 0.457585205839575, 0.4638565461884873, 0.46888191016192277, 0.4746518252283063, 0.48039299019885623, 0.48600575196361767, 0.4888030876769589, 0.4915947289268742, 0.4944315092161418, 0.4972629422653631, 0.5000892016862278, 0.5029105999797777, 0.5057273454800405, 0.5092422183073944, 0.512750736946901, 0.5162534569559676, 0.519750829724988, 0.5233068832451664, 0.5268584575837475, 0.5304061082981387, 0.5339503562234096, 0.5374917221946295, 0.5423679884488504, 0.5472412338596684, 0.5521127778759263, 0.5569840441134803, 0.5617861781761495, 0.5659353933957557, 0.5694115855386185, 0.5728901388004627, 0.5770350137278235, 0.5811848192271752, 0.5853402844676149, 0.5885180033933446, 0.59169988899963, 0.5948863579545265, 0.5980778269260898, 0.6012746431376993, 0.6044199313997713, 0.6075710530146211, 0.6107284246503044, 0.6138924629748765, 0.6165824719415731, 0.6192776892589642, 0.6219783927057535, 0.6246847211712928, 0.6273969524342858, 0.6301152253840846, 0.6328398177993927, 0.6355710074589137, 0.6383088638073238, 0.6410537340680025, 0.6438057571303015, 0.6465652107729248, 0.6488890379634599, 0.6512183512833931, 0.6535532896220765, 0.6558939918688618, 0.6582833053887958, 0.6606788689295631, 0.6630808213805157, 0.6654893016310054, 0.6679044485703841, 0.6758296138764907, 0.6809591448638163, 0.6881715994608871, 0.6984258003082232, 0.7120897347435603, 0.719471912128596, 0.7271427015867831, 0.7321500099444775, 0.7367474558248528, 0.7398651051059059, 0.742988518295061, 0.7461170703902347, 0.7492502058340195, 0.752387299624332, 0.7555278656484411, 0.7604685765619219, 0.7654140791580416, 0.7703621512071707, 0.7741410526923979, 0.7779191208415139, 0.7816953834290559, 0.7854689376742366, 0.7892386724622416, 0.7923765301439893, 0.7955104989238853, 0.798639953799846, 0.80176440865914, 0.8048832384996839, 0.8079959572087463, 0.8106053409066919, 0.8132096551432949, 0.8158085526951756, 0.8184016168942785, 0.8205969714343492, 0.8227877426258088, 0.8249736526899534, 0.8271544932927554, 0.829330125544863, 0.8315002716675722, 0.8335456951523171, 0.8355859102863676, 0.8376206392910198, 0.839649812721598, 0.84167329168875, 0.8436907289690966, 0.8457021245626374, 0.8474316442165918, 0.8491564416325832, 0.8510823508300583, 0.8530895797430436, 0.8546170153900513, 0.8563514656159965, 0.8580802908231916, 0.8598034215669608, 0.861520788402628, 0.8632321829961656, 0.8650406612466486, 0.8668422644742149, 0.8686367149001608, 0.8704239430798103, 0.8722038101238115, 0.8739761771428127, 0.8756105575907476, 0.8772382713497934, 0.8788591795305984, 0.8804732126884868, 0.881837245013039, 0.8831960689868966, 0.8845497540547358, 0.8858981613272044, 0.8872412213596268, 0.8885789341520027, 0.8899111608149805, 0.8912378319038842, 0.8925588779740377, 0.8938742990254412, 0.8951839561687428, 0.8964878494039424, 0.8979035485673841, 0.8993120949292053, 0.900713557934082, 0.9021077292479864, 0.9034945394262426, 0.9048739190241746, 0.9062457291524305, 0.9073487883848502, 0.9082727497980548, 0.910371923461967, 0.9127556814078269, 0.9151375643474368, 0.9178413928046427, 0.9205418184727282, 0.9232384246836378, 0.925930655879964, 0.9280857325079972, 0.9302374063469101, 0.9323856079520265, 0.9345299206552911, 0.9366702055673519, 0.9388062543541812, 0.9409377197923993, 0.9430219628509873, 0.9451013447822604, 0.9471757961415427, 0.9492449002607787, 0.9513460183756168, 0.9534412336930012, 0.9555302684342282, 0.9576129142652697, 0.9596889628520984, 0.9617211918484173, 0.9637466152664953, 0.9657649553276288, 0.9677759342531141, 0.9694763565878552, 0.9711712233485222, 0.9728603262010873, 0.9745436651455505, 0.9762210318478839, 0.9778922179740599, 0.9795572235240784, 0.9812158401639116, 0.9828678595595318, 0.984513281710939, 0.9861518982841054, 0.9877835009450031, 0.9891486443843702, 0.9905087183623945, 0.9918635839897244, 0.9932132412663598, 0.994581995828875, 0.9959451253726401, 0.9973025604529793, 0.9986541621805406, 1.0, 1.0]
rooty = [0.0, 0.0005402014534492893, 0.0010737883015165606, 0.001601298740440246, 0.0021232622858742864, 0.0026402344952260954, 0.0031526667588891964, 0.0037510454895960765, 0.004343695034539004, 0.004930884491837195, 0.005512900320778847, 0.006199413025821198, 0.006879467376002365, 0.007553523442300363, 0.008222058656862189, 0.00888555913241933, 0.009544528342872253, -0.013211059661865539, -0.013211059661865539, -0.07238801473088244, -0.07238801473088244, 0.06145530033711223, 0.06795617270113123, -0.04508125704169014, -0.04508125704169014, 0.06489914862216208, 0.06452602237840793, 0.08733337270846458, 0.08712611507316136, 0.08691290255689742, 0.08669345738096905, 0.08646743232199663, 0.08623451487893849, 0.08604647605769797, 0.08585383652667732, 0.08565644003535568, 0.08545413033321222, 0.08524675116972612, 0.08503416365554552, 0.08481621154014958, 0.08459272121184848, 0.08436355378129039, 0.08412855299795444, 0.08389192026473422, 0.08364936737289125, 0.0834008075165806, 0.08314622333463334, 0.08288077106090354, 0.08260901668283338, 0.08233089075574697, 0.08204637591847529, 0.08175543744868038, 0.08146340522523964, 0.0811651229809655, 0.080860538632351, 0.08054965217939615, 0.08022584901671895, 0.07989539652632176, 0.07955825998586662, 0.0792143873118466, 0.07886377850426168, 0.07850638147960493, 0.07814216151553839, 0.07814308165749441, -0.09419072629547653, -0.09436145603124232, -0.09452896092986976, -0.09462898513481156, -0.09472835070040511, -0.09484047238490795, -0.0949517542228613, -0.09506220380977659, -0.09517182548594606, -0.0952806257618081, -0.09538861114780105, -0.09549578706929022, -0.09560215895164095, -0.09570773439036463, -0.09581251772575353, -0.095916515468246, -0.09601973304320736, -0.09611753827373869, -0.09621464254707238, -0.0963110523736468, -0.09640677317882726, -0.09650180930290601, -0.09659616617124835, -0.09668984920921958, -0.09678286384218503, -0.09687959593545867, -0.09697560537007345, -0.09707089865646774, -0.09716548122000684, -0.09725935957112912, -0.0973525391351999, -0.09745339993147199, -0.09755344366772889, -0.09765267902455509, -0.09775111251238892, -0.09784875389688799, -0.09794560860341757, -0.09804168531256215, -0.09813699161983318, -0.09823153620581514, -0.09832532449587332, -0.09841836734073836, -0.09851067016577555, -0.09860224056649633, -0.09869308830855825, -0.09879341524888416, -0.09889286653524956, -0.09899144976316587, -0.09908917686843678, -0.09918605761671984, -0.0992821039438187, -0.09937732670046401, -0.09947173456724022, -0.09956419906816356, -0.09965588991199414, -0.09974681794946261, -0.09983699294622649, -0.0999264257530164, -0.10002047988597462, -0.10011372129920988, -0.10020616518374506, -0.10029782130523768, -0.10038870376963757, -0.10047882342767532, -0.10058597764770327, -0.1006920739214964, -0.10079713286544288, -0.10090117401085781, -0.10100422122934855, -0.10111244967170724, -0.10121960714695438, -0.10132571969684344, -0.10143081227805481, -0.10153490984726894, -0.10163803844623927, -0.1017583730487435, -0.10187743703069288, -0.10199527270993682, -0.10211192131925162, -0.1022587317044529, -0.10240377016534499, -0.1025471235077728, -0.10268887636743511, -0.10287553931603383, -0.10305970985181062, -0.10324159142596448, -0.103470085568688, -0.10369561637688098, -0.10407947724843111, -0.10472352616175387, -0.10504436327721788, -0.10529953990905665, -0.10549135098679496, -0.10567072658471362, -0.10584433773199382, -0.10596031251093754, -0.10621543868687895, -0.10646585998602634, -0.1066893763560809, -0.10690890019980623, -0.10712438106130492, -0.1073357690272162, -0.10754301418417922, -0.10774247828221928, -0.10793785111228149, -0.10812908547368769, -0.10831613443702798, -0.10847152476619366, -0.10862383918449867, -0.10877304839497035, -0.10891912391444082, -0.10906203671720573, -0.10920175804882891, -0.109338258883606, -0.10947151073836912, -0.10960148458741391, -0.10972815140503593, -0.10985148270806736, -0.10997144933516965, -0.11008279804075041, -0.11019102960269417, -0.11029611933558876, -0.11039804174021726, -0.11049677213116751, -0.11059228514485674, -0.11068455596023861, -0.11077355921373036, -0.1108567566481732, -0.11093683253086972, -0.1110137639396515, -0.11108752802016719, -0.11115935531308542, -0.11122785116043703, -0.11129299135152933, -0.11135475174348672, -0.1114131081256165, -0.11145372536034538, -0.11149248952764522, -0.11154099015725018, -0.11160373769442512, -0.11165126993023136, -0.1117026772671165, -0.11175029220583513, -0.11179325480903188, -0.11181328907245446, -0.11183234059876879, -0.11185071481061024, -0.11186804187608468, -0.11188430751122252, -0.11189949741509989, -0.11191359728679293, -0.11192966750705413, -0.11194398430011097, -0.1119565197550021, -0.11196724594805046, -0.11197627939745314, -0.11198337878041814, -0.11198851462619161, -0.11199165746401962, -0.1119927778231483, -0.11199095357545578, -0.1119851557602777, -0.1119753072620597, -0.1119613309625983, -0.11194344175934172, -0.11192464814556922, -0.11190649137219671, -0.11188609871253281, -0.1118588677528936, -0.11182838133671058, -0.11179459236503118, -0.11176653674986534, -0.11173650684426435, -0.11170448164189194, -0.11167044018727458, -0.11163436154189307, -0.11159692384250222, -0.11155748089418545, -0.11151601286045086, -0.11147249987089801, -0.11143396126316081, -0.11139392396607468, -0.11135237590820181, -0.1113093048146532, -0.1112646986818081, -0.11121854530259459, -0.11117083253775777, -0.11112154824804277, -0.11107068029419473, -0.11101821660477583, -0.11096414490489707, -0.11090845319093771, -0.11086041130987798, -0.11081121043515457, -0.11076084364942675, -0.1107093034928172, -0.11065561326393658, -0.11060069174839958, -0.11054453121506065, -0.11048712420404248, -0.11042846298419953, -0.1102318400143365, -0.11010692884492775, -0.10993440372014782, -0.1096928865305419, -0.10937229409905325, -0.10919720481099521, -0.10901229425539058, -0.10888937365251287, -0.10877463395798125, -0.10869566613833158, -0.10861552128567858, -0.10853412805646852, -0.10845141619222064, -0.10836731434938117, -0.10828175226946937, -0.10814417666982501, -0.10800254479580904, -0.10785658212393694, -0.10774203285972758, -0.10762467569770372, -0.10750438802460939, -0.10738104749845694, -0.1072545317772587, -0.10714658870911514, -0.10703628452199007, -0.1069235486861345, -0.10680831067179947, -0.10669049994923595, -0.1065700449036219, -0.10646676764964216, -0.10636153292385975, -0.10625429840842525, -0.10614502287056235, -0.10605067197012184, -0.10595479545695707, -0.10585736783185111, -0.10575836359558699, -0.10565775670641124, -0.10555552166510694, -0.10545739850816864, -0.10535777740786914, -0.1052566366627472, -0.10515395457134162, -0.10504970943219116, -0.10494387900129806, -0.10483644266227415, -0.10474248293067227, -0.10464729869412065, -0.104539221619454, -0.10442451963121127, -0.10433579049430165, -0.10423349143368672, -0.10412984851008532, -0.10402484598993803, -0.10391847030983159, -0.10381070627874316, -0.1036948774421262, -0.10357745300557251, -0.1034584150653766, -0.10333774680290601, -0.10321543085699175, -0.10309144878139177, -0.1029751387148721, -0.10285737193776757, -0.10273813325905531, -0.10261741020039511, -0.10251380416927779, -0.10240910980987993, -0.10230332061176316, -0.10219642680926992, -0.10208841972181575, -0.10197929175388917, -0.10186903313983268, -0.1017576373692079, -0.10164509467635725, -0.10153139638069626, -0.10141653380164045, -0.10130050042875142, -0.10117257031481772, -0.10104322526561199, -0.10091245226025754, -0.10078024153309678, -0.10064658223339912, -0.10051146242536087, -0.10037487234332448, -0.10026341797875438, -0.1001690871521655, -0.09995167431808107, -0.09969957929373653, -0.09944221623967914, -0.0991434815199384, -0.09883819946934545, -0.0985265046369599, -0.09820853374198747, -0.09794915787740126, -0.09768590396169376, -0.09741884252461397, -0.09714804301083782, -0.09687357486504122, -0.0965955075319001, -0.0963139104560904, -0.09603458986356343, -0.09575201296677933, -0.09546624487012179, -0.09517735067797448, -0.09488006236062453, -0.09457967073431911, -0.09427624632880721, -0.09396985750369168, -0.09366057478872152, -0.09335406552049617, -0.0930448956531244, -0.09273313246113599, -0.09241884104891461, -0.09215023555286851, -0.09187989828021649, -0.09160786612344263, -0.09133418465561552, -0.0910588885990731, -0.09078202352688398, -0.09050362416138609, -0.09022373173535578, -0.08994238965171551, -0.08965963480294935, -0.08937550842183363, -0.08909005174114469, -0.08884926751839173, -0.0886075978760207, -0.0883650623453467, -0.08812168913826934, -0.0878730511566983, -0.08762359285989287, -0.0873733381194604, -0.08712231297715436, -0.08687054130458213, 0.0]
roots = [4, 0, 0, 0, 0, 0, 0, 0, 0, 0, 0, 0, 0, 0, 0, 0, 0, 0, 0, 0, 0, 0, 0, 0, 0, 0, 0, 0, 0, 0, 0, 0, 0, 0, 0, 0, 0, 0, 0, 0, 0, 0, 0, 0, 0, 0, 0, 0, 0, 0, 0, 0, 0, 0, 0, 0, 0, 0, 0, 0, 0, 0, 0, 4, 0, 0, 0, 0, 0, 0, 0, 0, 0, 0, 0, 0, 0, 0, 0, 0, 0, 0, 0, 0, 0, 0, 0, 0, 0, 0, 0, 0, 0, 0, 0, 0, 0, 0, 0, 0, 0, 0, 0, 0, 0, 0, 0, 0, 0, 0, 0, 0, 0, 0, 0, 0, 0, 0, 0, 0, 0, 0, 0, 0, 0, 0, 0, 0, 0, 0, 0, 0, 0, 0, 0, 0, 0, 0, 0, 0, 0, 0, 0, 0, 0, 0, 0, 0, 0, 0, 0, 0, 0, 0, 0, 0, 0, 0, 0, 0, 0, 0, 0, 0, 0, 0, 0, 0, 0, 0, 0, 0, 0, 0, 0, 0, 0, 0, 0, 0, 0, 0, 0, 0, 0, 0, 0, 0, 0, 0, 0, 0, 0, 0, 0, 0, 0, 0, 0, 0, 0, 0, 0, 0, 0, 0, 0, 0, 0, 0, 0, 0, 0, 0, 0, 0, 0, 0, 0, 0, 0, 0, 0, 0, 0, 0, 0, 0, 0, 0, 0, 0, 0, 0, 0, 0, 0, 0, 0, 0, 0, 0, 0, 0, 0, 0, 0, 0, 0, 0, 0, 0, 0, 0, 0, 0, 0, 0, 0, 0, 0, 0, 0, 0, 0, 0, 0, 0, 0, 0, 0, 0, 0, 0, 0, 0, 0, 0, 0, 0, 0, 0, 0, 0, 0, 0, 0, 0, 0, 0, 0, 0, 0, 0, 0, 0, 0, 0, 0, 0, 0, 0, 0, 0, 0, 0, 0, 0, 0, 0, 0, 0, 0, 0, 0, 0, 0, 0, 0, 0, 0, 0, 0, 0, 0, 0, 0, 0, 0, 0, 0, 0, 0, 0, 0, 0, 0, 0, 0, 0, 0, 0, 0, 0, 0, 0, 0, 0, 0, 0, 0, 0, 0, 0, 0, 0, 0, 0, 0, 0, 0, 0, 0, 0, 0, 0, 0, 0, 0, 0, 0, 0, 0, 0, 0, 0, 0, 0, 0, 0, 0, 0, 0, 0, 0, 0, 0, 0, 0, 0, 0, 0, 0, 0, 0, 0, 0, 0, 0, 0, 4]
tipx = [1.0, 0.9971433238110794, 0.9942853976179921, 0.9914263603100899, 0.9885662118873729, 0.9857052301285448, 0.9828434844782816, 0.9794696537877349, 0.9760948508717251, 0.9727190757302524, 0.9693423978079927, 0.965321481627161, 0.9612994543315144, 0.957276385365729, 0.9532524136191565, 0.949227539091797, 0.9452019701176781, 0.9452019701176781, 0.92699746499155, 0.92699746499155, 0.43542294446537044, 0.43542294446537044, 0.376475039639021, 0.376475039639021, 0.08043207366246777, 0.08043207366246777, 0.06223139667410003, 0.06223139667410003, 0.0600299136413788, 0.05782904693015643, 0.0556288529642321, 0.053429388167405, 0.051230717644058815, 0.049503780463990434, 0.047777394501037226, 0.0460515901372449, 0.04432638907407469, 0.04260182603386456, 0.040877931398660215, 0.0391547268699229, 0.03743223848940608, 0.035710503149593835, 0.03398954472209352, 0.032300101156587185, 0.03061146054514626, 0.028923653269816454, 0.02723671188278961, 0.02552002430285879, 0.023804300267806448, 0.022089574499970555, 0.020375883891835193, 0.01866326316573833, 0.016982296190987303, 0.015302425140028244, 0.013623682565052994, 0.011946099933180333, 0.010235511548927385, 0.008526200295667653, 0.006818200353202566, 0.00511154535879703, 0.003406270848593801, 0.0017024110023943135, 4.434481350564586e-11, 0.0, 0.0, 0.0016399872917111113, 0.003284350683078666, 0.0042832738261905316, 0.005288403044676816, 0.006438060739716355, 0.0075955830443045925, 0.00876089074810805, 0.009933904640793247, 0.011114544426953645, 0.012302730896255765, 0.013498383753293066, 0.014701424872805131, 0.01591177504445848, 0.017129351802700452, 0.018354078107343692, 0.019585874748054715, 0.02076820073775246, 0.02195682883179055, 0.023151685245200816, 0.024352702703453456, 0.02555981176187254, 0.026772945145928265, 0.02799203124079858, 0.029217002771953684, 0.030506540490551636, 0.03180238248363606, 0.03310444628565429, 0.034412653771345905, 0.0357269268154505, 0.037047180782269276, 0.038494195154261626, 0.039948127952093175, 0.04140888368933452, 0.04287635819897177, 0.0443504429736988, 0.0458310425270862, 0.04731804835182784, 0.04881135628090982, 0.05031086648761052, 0.05181647480491602, 0.05332807706581244, 0.05484557344357815, 0.05636885543090699, 0.05789781886078509, 0.05960709539170686, 0.061323151459115974, 0.06304583949307609, 0.0647750249445276, 0.06651056024353415, 0.06825230650074389, 0.07000011614622048, 0.07175384595031983, 0.0734917814309381, 0.07523521606183131, 0.07698401529393988, 0.0787380489184964, 0.08049716068498006, 0.08236830407490248, 0.08424484678837818, 0.08612664125547086, 0.08801350518390617, 0.08990529100374779, 0.09180181642272141, 0.09408369902899677, 0.09637190110078145, 0.09866613617878726, 0.100966135164895, 0.10327159423864746, 0.10572244442203696, 0.10817878941540916, 0.11064029935655341, 0.11310662702209007, 0.11557744254980849, 0.11805239871632905, 0.12097417060834648, 0.1239006734189114, 0.1268313602712009, 0.12976567560780758, 0.13350462036262342, 0.13724741061636872, 0.14099289185130617, 0.14473992691086748, 0.1497364192602864, 0.15473094979761043, 0.1597207928193094, 0.16606046672933356, 0.1723826058586862, 0.18324701707339025, 0.20155751213615156, 0.21060124019857843, 0.21770593401978006, 0.22297655922741966, 0.2278402212729598, 0.23247919506953912, 0.23554924002524452, 0.24238087738070238, 0.24920770569235232, 0.255409479837155, 0.26160680952269844, 0.2677994690537857, 0.2739872500963892, 0.28016992695531207, 0.28623701315115496, 0.29229875210695144, 0.2983549528498428, 0.30440538968463227, 0.30953439983688835, 0.31465900025222304, 0.3197790520412846, 0.324894451037059, 0.33000502362785655, 0.33511066564666325, 0.34021123820412735, 0.3453066371332349, 0.3503966888222961, 0.355481323826635, 0.36056040325689975, 0.36563378822373854, 0.37047113073710247, 0.37530302184340614, 0.38012942682031164, 0.3849501720561291, 0.3897651881061826, 0.39457433608112025, 0.3993775118139283, 0.4041746458599306, 0.4088224738526906, 0.41346436432565886, 0.41810024783415944, 0.4227300202111785, 0.42743753590289746, 0.4321384890727413, 0.4368327755536963, 0.44152029117874836, 0.4462009317808837, 0.44962896404099123, 0.4530531768439228, 0.457585205839575, 0.4638565461884873, 0.46888191016192277, 0.4746518252283063, 0.48039299019885623, 0.48600575196361767, 0.4888030876769589, 0.4915947289268742, 0.4944315092161418, 0.4972629422653631, 0.5000892016862278, 0.5029105999797777, 0.5057273454800405, 0.5092422183073944, 0.512750736946901, 0.5162534569559676, 0.519750829724988, 0.5233068832451664, 0.5268584575837475, 0.5304061082981387, 0.5339503562234096, 0.5374917221946295, 0.5423679884488504, 0.5472412338596684, 0.5521127778759263, 0.5569840441134803, 0.5617861781761495, 0.5659353933957557, 0.5694115855386185, 0.5728901388004627, 0.5770350137278235, 0.5811848192271752, 0.5853402844676149, 0.5885180033933446, 0.59169988899963, 0.5948863579545265, 0.5980778269260898, 0.6012746431376993, 0.6044199313997713, 0.6075710530146211, 0.6107284246503044, 0.6138924629748765, 0.6165824719415731, 0.6192776892589642, 0.6219783927057535, 0.6246847211712928, 0.6273969524342858, 0.6301152253840846, 0.6328398177993927, 0.6355710074589137, 0.6383088638073238, 0.6410537340680025, 0.6438057571303015, 0.6465652107729248, 0.6488890379634599, 0.6512183512833931, 0.6535532896220765, 0.6558939918688618, 0.6582833053887958, 0.6606788689295631, 0.6630808213805157, 0.6654893016310054, 0.6679044485703841, 0.6758296138764907, 0.6809591448638163, 0.6881715994608871, 0.6984258003082232, 0.7120897347435603, 0.719471912128596, 0.7271427015867831, 0.7321500099444775, 0.7367474558248528, 0.7398651051059059, 0.742988518295061, 0.7461170703902347, 0.7492502058340195, 0.752387299624332, 0.7555278656484411, 0.7604685765619219, 0.7654140791580416, 0.7703621512071707, 0.7741410526923979, 0.7779191208415139, 0.7816953834290559, 0.7854689376742366, 0.7892386724622416, 0.7923765301439893, 0.7955104989238853, 0.798639953799846, 0.80176440865914, 0.8048832384996839, 0.8079959572087463, 0.8106053409066919, 0.8132096551432949, 0.8158085526951756, 0.8184016168942785, 0.8205969714343492, 0.8227877426258088, 0.8249736526899534, 0.8271544932927554, 0.829330125544863, 0.8315002716675722, 0.8335456951523171, 0.8355859102863676, 0.8376206392910198, 0.839649812721598, 0.84167329168875, 0.8436907289690966, 0.8457021245626374, 0.8474316442165918, 0.8491564416325832, 0.8510823508300583, 0.8530895797430436, 0.8546170153900513, 0.8563514656159965, 0.8580802908231916, 0.8598034215669608, 0.861520788402628, 0.8632321829961656, 0.8650406612466486, 0.8668422644742149, 0.8686367149001608, 0.8704239430798103, 0.8722038101238115, 0.8739761771428127, 0.8756105575907476, 0.8772382713497934, 0.8788591795305984, 0.8804732126884868, 0.881837245013039, 0.8831960689868966, 0.8845497540547358, 0.8858981613272044, 0.8872412213596268, 0.8885789341520027, 0.8899111608149805, 0.8912378319038842, 0.8925588779740377, 0.8938742990254412, 0.8951839561687428, 0.8964878494039424, 0.8979035485673841, 0.8993120949292053, 0.900713557934082, 0.9021077292479864, 0.9034945394262426, 0.9048739190241746, 0.9062457291524305, 0.9073487883848502, 0.9082727497980548, 0.910371923461967, 0.9127556814078269, 0.9151375643474368, 0.9178413928046427, 0.9205418184727282, 0.9232384246836378, 0.925930655879964, 0.9280857325079972, 0.9302374063469101, 0.9323856079520265, 0.9345299206552911, 0.9366702055673519, 0.9388062543541812, 0.9409377197923993, 0.9430219628509873, 0.9451013447822604, 0.9471757961415427, 0.9492449002607787, 0.9513460183756168, 0.9534412336930012, 0.9555302684342282, 0.9576129142652697, 0.9596889628520984, 0.9617211918484173, 0.9637466152664953, 0.9657649553276288, 0.9677759342531141, 0.9694763565878552, 0.9711712233485222, 0.9728603262010873, 0.9745436651455505, 0.9762210318478839, 0.9778922179740599, 0.9795572235240784, 0.9812158401639116, 0.9828678595595318, 0.984513281710939, 0.9861518982841054, 0.9877835009450031, 0.9891486443843702, 0.9905087183623945, 0.9918635839897244, 0.9932132412663598, 0.994581995828875, 0.9959451253726401, 0.9973025604529793, 0.9986541621805406, 1.0, 1.0]
tipy = [0.0, 0.0005402014534492893, 0.0010737883015165606, 0.001601298740440246, 0.0021232622858742864, 0.0026402344952260954, 0.0031526667588891964, 0.0037510454895960765, 0.004343695034539004, 0.004930884491837195, 0.005512900320778847, 0.006199413025821198, 0.006879467376002365, 0.007553523442300363, 0.008222058656862189, 0.00888555913241933, 0.009544528342872253, -0.013211059661865539, -0.013211059661865539, -0.07238801473088244, -0.07238801473088244, 0.06145530033711223, 0.06795617270113123, -0.04508125704169014, -0.04508125704169014, 0.06489914862216208, 0.06452602237840793, 0.08733337270846458, 0.08712611507316136, 0.08691290255689742, 0.08669345738096905, 0.08646743232199663, 0.08623451487893849, 0.08604647605769797, 0.08585383652667732, 0.08565644003535568, 0.08545413033321222, 0.08524675116972612, 0.08503416365554552, 0.08481621154014958, 0.08459272121184848, 0.08436355378129039, 0.08412855299795444, 0.08389192026473422, 0.08364936737289125, 0.0834008075165806, 0.08314622333463334, 0.08288077106090354, 0.08260901668283338, 0.08233089075574697, 0.08204637591847529, 0.08175543744868038, 0.08146340522523964, 0.0811651229809655, 0.080860538632351, 0.08054965217939615, 0.08022584901671895, 0.07989539652632176, 0.07955825998586662, 0.0792143873118466, 0.07886377850426168, 0.07850638147960493, 0.07814216151553839, 0.07814308165749441, -0.09419072629547653, -0.09436145603124232, -0.09452896092986976, -0.09462898513481156, -0.09472835070040511, -0.09484047238490795, -0.0949517542228613, -0.09506220380977659, -0.09517182548594606, -0.0952806257618081, -0.09538861114780105, -0.09549578706929022, -0.09560215895164095, -0.09570773439036463, -0.09581251772575353, -0.095916515468246, -0.09601973304320736, -0.09611753827373869, -0.09621464254707238, -0.0963110523736468, -0.09640677317882726, -0.09650180930290601, -0.09659616617124835, -0.09668984920921958, -0.09678286384218503, -0.09687959593545867, -0.09697560537007345, -0.09707089865646774, -0.09716548122000684, -0.09725935957112912, -0.0973525391351999, -0.09745339993147199, -0.09755344366772889, -0.09765267902455509, -0.09775111251238892, -0.09784875389688799, -0.09794560860341757, -0.09804168531256215, -0.09813699161983318, -0.09823153620581514, -0.09832532449587332, -0.09841836734073836, -0.09851067016577555, -0.09860224056649633, -0.09869308830855825, -0.09879341524888416, -0.09889286653524956, -0.09899144976316587, -0.09908917686843678, -0.09918605761671984, -0.0992821039438187, -0.09937732670046401, -0.09947173456724022, -0.09956419906816356, -0.09965588991199414, -0.09974681794946261, -0.09983699294622649, -0.0999264257530164, -0.10002047988597462, -0.10011372129920988, -0.10020616518374506, -0.10029782130523768, -0.10038870376963757, -0.10047882342767532, -0.10058597764770327, -0.1006920739214964, -0.10079713286544288, -0.10090117401085781, -0.10100422122934855, -0.10111244967170724, -0.10121960714695438, -0.10132571969684344, -0.10143081227805481, -0.10153490984726894, -0.10163803844623927, -0.1017583730487435, -0.10187743703069288, -0.10199527270993682, -0.10211192131925162, -0.1022587317044529, -0.10240377016534499, -0.1025471235077728, -0.10268887636743511, -0.10287553931603383, -0.10305970985181062, -0.10324159142596448, -0.103470085568688, -0.10369561637688098, -0.10407947724843111, -0.10472352616175387, -0.10504436327721788, -0.10529953990905665, -0.10549135098679496, -0.10567072658471362, -0.10584433773199382, -0.10596031251093754, -0.10621543868687895, -0.10646585998602634, -0.1066893763560809, -0.10690890019980623, -0.10712438106130492, -0.1073357690272162, -0.10754301418417922, -0.10774247828221928, -0.10793785111228149, -0.10812908547368769, -0.10831613443702798, -0.10847152476619366, -0.10862383918449867, -0.10877304839497035, -0.10891912391444082, -0.10906203671720573, -0.10920175804882891, -0.109338258883606, -0.10947151073836912, -0.10960148458741391, -0.10972815140503593, -0.10985148270806736, -0.10997144933516965, -0.11008279804075041, -0.11019102960269417, -0.11029611933558876, -0.11039804174021726, -0.11049677213116751, -0.11059228514485674, -0.11068455596023861, -0.11077355921373036, -0.1108567566481732, -0.11093683253086972, -0.1110137639396515, -0.11108752802016719, -0.11115935531308542, -0.11122785116043703, -0.11129299135152933, -0.11135475174348672, -0.1114131081256165, -0.11145372536034538, -0.11149248952764522, -0.11154099015725018, -0.11160373769442512, -0.11165126993023136, -0.1117026772671165, -0.11175029220583513, -0.11179325480903188, -0.11181328907245446, -0.11183234059876879, -0.11185071481061024, -0.11186804187608468, -0.11188430751122252, -0.11189949741509989, -0.11191359728679293, -0.11192966750705413, -0.11194398430011097, -0.1119565197550021, -0.11196724594805046, -0.11197627939745314, -0.11198337878041814, -0.11198851462619161, -0.11199165746401962, -0.1119927778231483, -0.11199095357545578, -0.1119851557602777, -0.1119753072620597, -0.1119613309625983, -0.11194344175934172, -0.11192464814556922, -0.11190649137219671, -0.11188609871253281, -0.1118588677528936, -0.11182838133671058, -0.11179459236503118, -0.11176653674986534, -0.11173650684426435, -0.11170448164189194, -0.11167044018727458, -0.11163436154189307, -0.11159692384250222, -0.11155748089418545, -0.11151601286045086, -0.11147249987089801, -0.11143396126316081, -0.11139392396607468, -0.11135237590820181, -0.1113093048146532, -0.1112646986818081, -0.11121854530259459, -0.11117083253775777, -0.11112154824804277, -0.11107068029419473, -0.11101821660477583, -0.11096414490489707, -0.11090845319093771, -0.11086041130987798, -0.11081121043515457, -0.11076084364942675, -0.1107093034928172, -0.11065561326393658, -0.11060069174839958, -0.11054453121506065, -0.11048712420404248, -0.11042846298419953, -0.1102318400143365, -0.11010692884492775, -0.10993440372014782, -0.1096928865305419, -0.10937229409905325, -0.10919720481099521, -0.10901229425539058, -0.10888937365251287, -0.10877463395798125, -0.10869566613833158, -0.10861552128567858, -0.10853412805646852, -0.10845141619222064, -0.10836731434938117, -0.10828175226946937, -0.10814417666982501, -0.10800254479580904, -0.10785658212393694, -0.10774203285972758, -0.10762467569770372, -0.10750438802460939, -0.10738104749845694, -0.1072545317772587, -0.10714658870911514, -0.10703628452199007, -0.1069235486861345, -0.10680831067179947, -0.10669049994923595, -0.1065700449036219, -0.10646676764964216, -0.10636153292385975, -0.10625429840842525, -0.10614502287056235, -0.10605067197012184, -0.10595479545695707, -0.10585736783185111, -0.10575836359558699, -0.10565775670641124, -0.10555552166510694, -0.10545739850816864, -0.10535777740786914, -0.1052566366627472, -0.10515395457134162, -0.10504970943219116, -0.10494387900129806, -0.10483644266227415, -0.10474248293067227, -0.10464729869412065, -0.104539221619454, -0.10442451963121127, -0.10433579049430165, -0.10423349143368672, -0.10412984851008532, -0.10402484598993803, -0.10391847030983159, -0.10381070627874316, -0.1036948774421262, -0.10357745300557251, -0.1034584150653766, -0.10333774680290601, -0.10321543085699175, -0.10309144878139177, -0.1029751387148721, -0.10285737193776757, -0.10273813325905531, -0.10261741020039511, -0.10251380416927779, -0.10240910980987993, -0.10230332061176316, -0.10219642680926992, -0.10208841972181575, -0.10197929175388917, -0.10186903313983268, -0.1017576373692079, -0.10164509467635725, -0.10153139638069626, -0.10141653380164045, -0.10130050042875142, -0.10117257031481772, -0.10104322526561199, -0.10091245226025754, -0.10078024153309678, -0.10064658223339912, -0.10051146242536087, -0.10037487234332448, -0.10026341797875438, -0.1001690871521655, -0.09995167431808107, -0.09969957929373653, -0.09944221623967914, -0.0991434815199384, -0.09883819946934545, -0.0985265046369599, -0.09820853374198747, -0.09794915787740126, -0.09768590396169376, -0.09741884252461397, -0.09714804301083782, -0.09687357486504122, -0.0965955075319001, -0.0963139104560904, -0.09603458986356343, -0.09575201296677933, -0.09546624487012179, -0.09517735067797448, -0.09488006236062453, -0.09457967073431911, -0.09427624632880721, -0.09396985750369168, -0.09366057478872152, -0.09335406552049617, -0.0930448956531244, -0.09273313246113599, -0.09241884104891461, -0.09215023555286851, -0.09187989828021649, -0.09160786612344263, -0.09133418465561552, -0.0910588885990731, -0.09078202352688398, -0.09050362416138609, -0.09022373173535578, -0.08994238965171551, -0.08965963480294935, -0.08937550842183363, -0.08909005174114469, -0.08884926751839173, -0.0886075978760207, -0.0883650623453467, -0.08812168913826934, -0.0878730511566983, -0.08762359285989287, -0.0873733381194604, -0.08712231297715436, -0.08687054130458213, 0.0]
tips = [4, 0, 0, 0, 0, 0, 0, 0, 0, 0, 0, 0, 0, 0, 0, 0, 0, 0, 0, 0, 0, 0, 0, 0, 0, 0, 0, 0, 0, 0, 0, 0, 0, 0, 0, 0, 0, 0, 0, 0, 0, 0, 0, 0, 0, 0, 0, 0, 0, 0, 0, 0, 0, 0, 0, 0, 0, 0, 0, 0, 0, 0, 0, 4, 0, 0, 0, 0, 0, 0, 0, 0, 0, 0, 0, 0, 0, 0, 0, 0, 0, 0, 0, 0, 0, 0, 0, 0, 0, 0, 0, 0, 0, 0, 0, 0, 0, 0, 0, 0, 0, 0, 0, 0, 0, 0, 0, 0, 0, 0, 0, 0, 0, 0, 0, 0, 0, 0, 0, 0, 0, 0, 0, 0, 0, 0, 0, 0, 0, 0, 0, 0, 0, 0, 0, 0, 0, 0, 0, 0, 0, 0, 0, 0, 0, 0, 0, 0, 0, 0, 0, 0, 0, 0, 0, 0, 0, 0, 0, 0, 0, 0, 0, 0, 0, 0, 0, 0, 0, 0, 0, 0, 0, 0, 0, 0, 0, 0, 0, 0, 0, 0, 0, 0, 0, 0, 0, 0, 0, 0, 0, 0, 0, 0, 0, 0, 0, 0, 0, 0, 0, 0, 0, 0, 0, 0, 0, 0, 0, 0, 0, 0, 0, 0, 0, 0, 0, 0, 0, 0, 0, 0, 0, 0, 0, 0, 0, 0, 0, 0, 0, 0, 0, 0, 0, 0, 0, 0, 0, 0, 0, 0, 0, 0, 0, 0, 0, 0, 0, 0, 0, 0, 0, 0, 0, 0, 0, 0, 0, 0, 0, 0, 0, 0, 0, 0, 0, 0, 0, 0, 0, 0, 0, 0, 0, 0, 0, 0, 0, 0, 0, 0, 0, 0, 0, 0, 0, 0, 0, 0, 0, 0, 0, 0, 0, 0, 0, 0, 0, 0, 0, 0, 0, 0, 0, 0, 0, 0, 0, 0, 0, 0, 0, 0, 0, 0, 0, 0, 0, 0, 0, 0, 0, 0, 0, 0, 0, 0, 0, 0, 0, 0, 0, 0, 0, 0, 0, 0, 0, 0, 0, 0, 0, 0, 0, 0, 0, 0, 0, 0, 0, 0, 0, 0, 0, 0, 0, 0, 0, 0, 0, 0, 0, 0, 0, 0, 0, 0, 0, 0, 0, 0, 0, 0, 0, 0, 0, 0, 0, 0, 0, 0, 0, 0, 0, 0, 0, 0, 0, 0, 0, 0, 0, 0, 0, 0, 0, 0, 0, 0, 4]
nameroot = fuse.dxf
nametip = fuse.dxf

[Transform]
croot = 219.7
ctip = 219.7
incidenceroot = 0.0
thicknessroot = 100.0
tethicknessroot = 0.0
vinvertroot = 0
incidencetip = 0.0
thicknesstip = 100.0
tethicknesstip = 0.0
vinverttip = 0
covering = 0.0
smooth = 1
nbrpoints = 201
repartition = 1.0
reducepoints = 0

[Bloc]
bloclx = 77.0
blochz = 50.0
fleading = 0.0
ftrailing = 0.0
mleading = 5.0
mtrailing = 10.0
cbcutboth = 0
cbrotdelta = 0
rbleftwing = 1
rbrightwing = 0
rbtabletoblockleft = 0
rbtabletoblockright = 1
bloctotableleft = 623.0
bloctotableright = 150.0
bloctotabletrailingroot = 10.0
hoffset = 0.0
hprofileroot = 2.0
hprofiletip = 2.0
cbalignprofiles = 3
angleinroot = 0.0
angleintip = 0.0
angleoutroot = 0.0
angleouttip = 0.0
gbextracutcmdsactive = 0
extracutcommands = X; LE;=; 0;=; 0;=; 8;=; 1;=; 8;=; 2;=; 10;=
	L; TE;=; 90;=; 5;=

[Material]
mspeednorm = 5.0
mspeedhalf = 2.5
mspeedmin = 0.5
mspeedmax = 5.5
mradspnorm = 1.0
mradsphalf = 1.7
mheatspnorm = 80.0
mname = grey 22kg/m3
mhotwire = NiCr, 800 mm x 0.3 mm, 24 V

[Table]
tableyy = 850.0
tableyg = 0.0
tableyd = 0.0
maxdiag = 1000.0
cmaxy = 660.0
cmaxz = 360.0
vmaxy = 60.0
vmaxz = 60.0
theatingmax = 100.0
tsvaluemin = 0.0
tsvaluemax = 1000.0
tname = My CNC
tcomport = Select port
tbaudrate = 115200
tpreheat = 4.0
tpostheat = 4.0
vcut = 5.0
gcodestart1 = 
gcodestart2 = 
gcodestart3 = 
gcodestart4 = 
gcodeend1 = 
gcodeend2 = 
gcodeend3 = 
gcodeend4 = 
gcodeletters = XYAZ

[Cut]
vcut = 5.0
vheat = 80.0
vusefoamparam = 1

[Guillotine]
gcuttingspeed = 5.0
gheating = 80.0
gusefoamparam = 1

