[Profil]
rootx = [1.0, 0.9975137381718077, 0.99502602938948, 0.9925370709649448, 0.9900469286688443, 0.9875556025011786, 0.9850632240032328, 0.9825697931750067, 0.9798260392813847, 0.977081298828125, 0.9743356375858702, 0.9715891213252627, 0.96884168427566, 0.96577447036217, 0.9627062698890423, 0.9596370828562769, 0.9565669750345165, 0.9534960121944033, 0.95042426010658, 0.9473516530004041, 0.9442783224171606, 0.9407651177768049, 0.9372509923474542, 0.9337360776703933, 0.9302204395162648, 0.9267041436557112, 0.9231871900887325, 0.9196696445859712, 0.9157996342099947, 0.9119290318982355, 0.9080577718800512, 0.9041859856967268, 0.9003136733482624, 0.9003136733482624, 0.8830086280559671, 0.8836206896551724, 0.6508620689655172, 0.6503280113483297, 0.6373532393883015, 0.6373532393883015, 0.6268332251187029, 0.6163140000968144, 0.6057956300932785, 0.5952780493374529, 0.5847613235999798, 0.5744329649826576, 0.564105198301118, 0.5537777604727909, 0.5434506186123552, 0.5434506186123552, 0.5301724137931034, 0.5301724137931034, 0.4267241379310345, 0.4267241379310345, 0.11245020504655509, 0.0905305106064369, 0.09045459484231883, 0.09051724137931035, 0.0696164739542994, 0.0696164739542994, 0.06755812003694732, 0.06550058414196146, 0.06344389915466309, 0.06138809796037345, 0.059333221665744125, 0.057279299045431206, 0.05534365259367844, 0.05340891870959052, 0.05147513438915384, 0.049542336628354826, 0.047610566533845045, 0.04567985288028059, 0.04375023677431304, 0.041821755211928796, 0.03989444929977943, 0.037968351923186205, 0.03607785701751709, 0.034188605588057946, 0.032300622298799715, 0.030413948256393958, 0.028494351896746404, 0.02657618810390604, 0.024659493873859274, 0.02274430620259252, 0.02083066825208993, 0.018952743760470687, 0.01707638543227623, 0.0152016282081604, 0.013328510111775892, 0.01141889239179677, 0.009511056645163175, 0.007605042437027241, 0.005700889846374248, 0.0037986389521894783, 0.0018983289342502068, 0.0, 0.0, 0.003453068178275536, 0.006906693351679835, 0.0103608513700551, 0.013815517055577245, 0.01727066574425533, 0.020664562439096385, 0.02405887636645087, 0.027453589028325575, 0.03084867370539698, 0.03431340538222214, 0.03777847618892275, 0.04124386557217302, 0.044709542701984274, 0.04817549524636104, 0.05164171087330785, 0.055108181361494396, 0.05915269769471267, 0.06319752643848288, 0.06724264292881407, 0.07128802661238046, 0.07533366926785173, 0.0793795421205718, 0.08414816856384277, 0.0889170663110141, 0.09368620247676454, 0.09845556883976378, 0.10331186754950161, 0.10816838001382761, 0.11302508979008116, 0.1178819804356016, 0.12273904372905863, 0.12750951997165022, 0.13228014419818745, 0.1370508917446794, 0.14182174616846546, 0.1475014851011079, 0.15318135557503537, 0.1588613411475872, 0.1645414582614241, 0.17022167403122473, 0.17590198845698915, 0.1820987997383907, 0.18829569323309536, 0.19449265249844255, 0.20068969397709288, 0.20688678478372508, 0.21308390847567854, 0.2192810814956139, 0.22609801127992826, 0.23291499039222455, 0.23973198594718143, 0.24654899794479895, 0.2533660263850771, 0.26018305482535525, 0.2670000832656334, 0.27381709526325093, 0.28063409081820784, 0.28745108637316474, 0.29414630758351296, 0.30084149590853987, 0.30753665134824554, 0.31423177390262996, 0.3214617104365908, 0.3286915811999091, 0.3359213861925849, 0.3431511254146181, 0.35038079886600887, 0.35761040654675713, 0.3644268101659314, 0.37124314801446323, 0.3780594200923525, 0.384875593514278, 0.391691701165561, 0.39929886521964236, 0.40690589773243874, 0.41451283158927127, 0.4221196339048188, 0.4297263375644026, 0.43733287679738014, 0.4449392844890726, 0.45254556063948004, 0.46015167236328125, 0.46775765254579743, 0.47536343541638604, 0.48296908674568967, 0.4905745407630657, 0.4981798632391568, 0.5057849555179991, 0.5133898833702351, 0.5213567470682079, 0.529323413454253, 0.5372898496430496, 0.5452560556345972, 0.5532219985435749, 0.5611876783699825, 0.5684132411562163, 0.5756385408598801, 0.5828635774809738, 0.5900884167901401, 0.5973129272460938, 0.6045372403901199, 0.6113485138991783, 0.6181594585550243, 0.6249701401283001, 0.631780558619006, 0.6385906482564991, 0.644265470833614, 0.6499400303281587, 0.6556143925107759, 0.661288491610823, 0.6669623276283001, 0.6726359005632072, 0.6779850269186085, 0.6833338244207974, 0.6886824246110588, 0.6940306959481075, 0.6993786384319437, 0.705050435559503, 0.7107218380632072, 0.7163928459430563, 0.7220635249696928, 0.7277337436018319, 0.7334035676101158, 0.7387489450388941, 0.7440939278438173, 0.749438450254243, 0.7547824464995285, 0.7601259823503166, 0.764578523307011, 0.7690306696398505, 0.7734824213488348, 0.7779337784339642, 0.7823846751245959, 0.7868351771913725, 0.791030949559705, 0.7952262615335399, 0.7994211788835197, 0.8036157016096444, 0.8078096981706291, 0.8116137405921673, 0.815417322619208, 0.8192205757930361, 0.8230233028017241, 0.8268256351865572, 0.8305595661031788, 0.8342929708546606, 0.8380259152116447, 0.8417582676328462, 0.8455663220635776, 0.8493737187878839, 0.8531805235764076, 0.8569866706585062, 0.8607921600341797, 0.8645969259327856, 0.8684010341249663, 0.871728962865369, 0.8750563654406317, 0.8783831103094693, 0.8817092632425243, 0.8850347584691541, 0.8883595302187163, 0.8916837100324959, 0.8950071005985655, 0.8979907857960668, 0.9009738790577856, 0.9039563146130792, 0.9069381582325903, 0.9099192783750337, 0.912899740811052, 0.9158793482287176, 0.9188517208757072, 0.9218231727337015, 0.9247937695733432, 0.9277633798533472, 0.9307320035737137, 0.9336466295965786, 0.936560269059806, 0.9394727246514682, 0.9423841279128502, 0.9447124086577317, 0.947039900154903, 0.9493666681750067, 0.9516925811767578, 0.9540177049307987, 0.9563004723910628, 0.9585823848329741, 0.9608635080271754, 0.9631437104323815, 0.9654644933240167, 0.9677843554266568, 0.9701032309696592, 0.9724211857236665, 0.9747380881473936, 0.9770125685067013, 0.9792859307650862, 0.9815580433812635, 0.9838288405845905, 0.9858551025390625, 0.9878801148513268, 0.9899038117507408, 0.9919261274666622, 0.9939469304578058, 0.9959662864948141, 0.9979839982657597, 1.0, 1.0]
rooty = [0.0, 0.0004696763794997643, 0.0009326441534634294, 0.001389141740470097, 0.0018394157804291823, 0.0022836882492591596, 0.002722205786869444, 0.003155190369178509, 0.003625360028497104, 0.004089437682053138, 0.004547702855077283, 0.005000344638166757, 0.005447552121918777, 0.005940470202215786, 0.0064270989648227035, 0.006907676828318629, 0.00738247509660392, 0.007851732188257677, 0.008315686521859005, 0.008774543630665746, 0.009228500826605436, 0.009741569387501684, 0.0102488008038751, 0.010750499264947299, 0.011246968959939891, 0.011738481192753232, 0.01222528260329674, 0.0127076033888192, 0.013233242363765323, 0.013754038975156587, 0.014270289190884295, 0.01478230542150037, 0.015290367192235487, -0.00019010182084708377, -0.00019010182084708377, -0.06884944850000842, -0.06884944850000842, 0.026384296088383115, 0.026384296088383115, 0.046195564598872745, 0.04743754452672498, 0.048686117961488924, 0.04994169596968026, 0.051204426535244645, 0.05247356973845383, 0.053725267278737034, 0.054981223468122814, 0.0562404517469735, 0.05750199844097269, 0.03882233027754159, 0.03882233027754159, -0.08609082781035325, -0.08609082781035325, -0.07315979332759462, -0.07315979332759462, -0.05656536283164189, 0.02111447268518908, 0.03890916396831644, 0.03890916396831644, 0.06488194136783995, 0.06460609929314975, 0.06432432141797297, 0.06403642687304266, 0.0637423170023951, 0.06344184382208462, 0.0631348757908262, 0.06283936829402528, 0.06253785922609527, 0.062230266373732995, 0.06191649108097471, 0.061596484019838534, 0.06127013009170006, 0.06093737996857742, 0.060598151437167465, 0.06025234584150643, 0.059899897410951815, 0.05954720234048778, 0.05918793020577266, 0.05882201523616396, 0.05844940810367979, 0.05806307134957149, 0.05766968069405391, 0.057269203251805796, 0.05686157325218464, 0.05644675780986917, 0.05603230410608752, 0.05561084582887847, 0.05518231720759951, 0.054746668914268756, 0.05429477527223785, 0.05383540021962133, 0.05336849442843733, 0.05289402501336459, 0.05241199197440312, 0.05192236242623165, 0.05142548166472336, -0.11586254064379067, -0.1161237636516834, -0.11637729714656699, -0.11662333844036891, -0.11686208484501674, -0.11709373264477171, -0.1173145236640141, -0.11752884295480005, -0.11773687652472792, -0.11793881038139606, -0.11813877111878889, -0.11833277241937046, -0.11852101210890145, -0.11870368184714482, -0.11888092884729648, -0.11905288156764261, -0.11921966820955276, -0.11940789428250544, -0.11958946724390161, -0.11976459082858316, -0.11993346851447532, -0.1200963037795034, -0.12025330087234234, -0.12043111488736909, -0.12060143567364791, -0.1207645574006541, -0.12092067429731632, -0.12107261784117797, -0.12121767332327776, -0.12135602932037978, -0.12148787453770638, -0.12161339742356334, -0.12173070720043676, -0.12184227887412598, -0.12194829087319045, -0.12204892175464795, -0.12216191481927345, -0.122267697006464, -0.12236646093941968, -0.122458398984424, -0.1225437038289062, -0.12262256787126434, -0.12270148194812495, -0.12277321013268726, -0.12283800230843239, -0.12289610631956623, -0.12294770542789123, -0.12299290813248732, -0.12303181880571205, -0.12306747777419615, -0.12309578852326578, -0.12311688994844283, -0.12313092094023134, -0.1231380203905152, -0.12313832085708092, -0.12313192217823535, -0.12311891365619697, -0.12309938459255701, -0.12307342428087803, -0.12304175394619334, -0.12300405074071524, -0.12296039925823951, -0.12291088412869079, -0.12285092938691378, -0.12278435652240596, -0.12271128408610821, -0.1226318305486749, -0.12254611441287501, -0.12245425414936296, -0.12236212200388827, -0.12226473257459443, -0.12216218515973666, -0.12205457905757017, -0.12194199783021006, -0.12181048223684574, -0.12167275709838703, -0.12152880070538356, -0.121378591348385, -0.12122210731794095, -0.12105932690460107, -0.120890228398915, -0.12071479034834895, -0.12053299052961941, -0.1203448168676475, -0.12015027809759667, -0.11994938680837894, -0.11974215481815667, -0.11952859445892532, -0.11930871831959691, -0.11908253847525038, -0.11883884026058789, -0.11858825077270639, -0.11833073609861834, -0.11806617420295189, -0.11779443303058887, -0.11751538104024427, -0.11725581668574235, -0.11699002981185913, -0.116717922276464, -0.11643939542359319, -0.11615435059728293, -0.1158626434104196, -0.11558131411157806, -0.11529369600887956, -0.11499960823305722, -0.11469887042867727, -0.11439130224030593, -0.11412964915407114, -0.11386302319066278, -0.11359132055578561, -0.11331443539981184, -0.11303224851345194, -0.11274462424475572, -0.11246833410756342, -0.1121869775755652, -0.11190044057780299, -0.11160861109865122, -0.11131137506715183, -0.11099009164448442, -0.11066246341014731, -0.11032835779518917, -0.10998762476033178, -0.10964005979998358, -0.10928543682756095, -0.10894441399081, -0.10859672982117226, -0.10824219831104936, -0.1078806303698441, -0.10751183896229186, -0.10719885908324144, -0.1068806226911216, -0.10655700235531249, -0.10622786756219535, -0.1058930857428189, -0.10555252741123068, -0.1052260213884814, -0.10489415094770234, -0.10455680715626683, -0.10421388108154823, -0.10386526173558729, -0.10354400914290855, -0.1032178833566863, -0.10288677338896127, -0.1025505620857765, -0.10220913434850759, -0.10186861712357094, -0.10152284852389631, -0.10117171961685707, -0.10081512146982653, -0.10044549662491371, -0.10006994831150975, -0.0996883593756577, -0.09930061677406574, -0.09890660335277689, -0.09850615879585004, -0.09809909195735536, -0.09773732259355743, -0.09737019908839259, -0.09699759401124099, -0.09661937171015246, -0.09623540475450713, -0.09584555749235482, -0.09544970249307566, -0.09504770616005206, -0.09468139040059056, -0.09430991986702228, -0.09393320412471376, -0.09355112396437547, -0.09316353756805947, -0.09277029284115496, -0.09237124385504887, -0.09196713258480203, -0.0915569416407881, -0.09114052920505919, -0.09071774318300445, -0.0902884397013434, -0.08986031186991725, -0.08942561108490517, -0.0889841996390244, -0.08853592954832933, -0.0881722302272402, -0.08780386941186313, -0.08743071967157824, -0.08705265357576568, -0.08666953547247525, -0.08628822195118871, -0.0859017906517818, -0.08551011414363466, -0.0851130773281229, -0.08470318235200026, -0.0842874707846806, -0.08386581108487885, -0.08343807171131003, -0.08300412523335424, -0.08257171203350198, -0.08213293552398682, -0.08168760661421151, -0.08123552388158338, -0.08082600708665519, -0.08041080935248013, -0.07998978269511256, -0.07956279557326744, -0.07912969589233398, -0.07869035211102716, -0.07824462035606647, -0.07779235675417144, 0.0]
roots = [4, 0.0, 0.0, 0.0, 0.0, 0.0, 0.0, 0.0, 0.0, 0.0, 0.0, 0.0, 0.0, 0.0, 0.0, 0.0, 0.0, 0.0, 0.0, 0.0, 0.0, 0.0, 0.0, 0.0, 0.0, 0.0, 0.0, 0.0, 0.0, 0.0, 0.0, 0.0, 0.0, 0.0, 0.0, 0.0, 0.0, 0.0, 0.0, 0.0, 0.0, 0.0, 0.0, 0.0, 0.0, 0.0, 0.0, 0.0, 0.0, 0.0, 0.0, 0.0, 0.0, 0.0, 0.0, 0.0, 0.0, 0.0, 0.0, 0.0, 0.0, 0.0, 0.0, 0.0, 0.0, 0.0, 0.0, 0.0, 0.0, 0.0, 0.0, 0.0, 0.0, 0.0, 0.0, 0.0, 0.0, 0.0, 0.0, 0.0, 0.0, 0.0, 0.0, 0.0, 0.0, 0.0, 0.0, 0.0, 0.0, 0.0, 0.0, 0.0, 0.0, 0.0, 0.0, 4.0, 0.0, 0.0, 0.0, 0.0, 0.0, 0.0, 0.0, 0.0, 0.0, 0.0, 0.0, 0.0, 0.0, 0.0, 0.0, 0.0, 0.0, 0.0, 0.0, 0.0, 0.0, 0.0, 0.0, 0.0, 0.0, 0.0, 0.0, 0.0, 0.0, 0.0, 0.0, 0.0, 0.0, 0.0, 0.0, 0.0, 0.0, 0.0, 0.0, 0.0, 0.0, 0.0, 0.0, 0.0, 0.0, 0.0, 0.0, 0.0, 0.0, 0.0, 0.0, 0.0, 0.0, 0.0, 0.0, 0.0, 0.0, 0.0, 0.0, 0.0, 0.0, 0.0, 0.0, 0.0, 0.0, 0.0, 0.0, 0.0, 0.0, 0.0, 0.0, 0.0, 0.0, 0.0, 0.0, 0.0, 0.0, 0.0, 0.0, 0.0, 0.0, 0.0, 0.0, 0.0, 0.0, 0.0, 0.0, 0.0, 0.0, 0.0, 0.0, 0.0, 0.0, 0.0, 0.0, 0.0, 0.0, 0.0, 0.0, 0.0, 0.0, 0.0, 0.0, 0.0, 0.0, 0.0, 0.0, 0.0, 0.0, 0.0, 0.0, 0.0, 0.0, 0.0, 0.0, 0.0, 0.0, 0.0, 0.0, 0.0, 0.0, 0.0, 0.0, 0.0, 0.0, 0.0, 0.0, 0.0, 0.0, 0.0, 0.0, 0.0, 0.0, 0.0, 0.0, 0.0, 0.0, 0.0, 0.0, 0.0, 0.0, 0.0, 0.0, 0.0, 0.0, 0.0, 0.0, 0.0, 0.0, 0.0, 0.0, 0.0, 0.0, 0.0, 0.0, 0.0, 0.0, 0.0, 0.0, 0.0, 0.0, 0.0, 0.0, 0.0, 0.0, 0.0, 0.0, 0.0, 0.0, 0.0, 0.0, 0.0, 0.0, 0.0, 0.0, 0.0, 0.0, 0.0, 0.0, 0.0, 0.0, 0.0, 0.0, 0.0, 0.0, 0.0, 0.0, 0.0, 0.0, 0.0, 0.0, 0.0, 0.0, 0.0, 0.0, 0.0, 0.0, 0.0, 0.0, 0.0, 0.0, 0.0, 0.0, 0.0, 0.0, 0.0, 4]
tipx = [1.0, 0.9975137381718077, 0.99502602938948, 0.9925370709649448, 0.9900469286688443, 0.9875556025011786, 0.9850632240032328, 0.9825697931750067, 0.9798260392813847, 0.977081298828125, 0.9743356375858702, 0.9715891213252627, 0.96884168427566, 0.96577447036217, 0.9627062698890423, 0.9596370828562769, 0.9565669750345165, 0.9534960121944033, 0.95042426010658, 0.9473516530004041, 0.9442783224171606, 0.9407651177768049, 0.9372509923474542, 0.9337360776703933, 0.9302204395162648, 0.9267041436557112, 0.9231871900887325, 0.9196696445859712, 0.9157996342099947, 0.9119290318982355, 0.9080577718800512, 0.9041859856967268, 0.9003136733482624, 0.9003136733482624, 0.8830086280559671, 0.8836206896551724, 0.6508620689655172, 0.6503280113483297, 0.6373532393883015, 0.6373532393883015, 0.6268332251187029, 0.6163140000968144, 0.6057956300932785, 0.5952780493374529, 0.5847613235999798, 0.5744329649826576, 0.564105198301118, 0.5537777604727909, 0.5434506186123552, 0.5434506186123552, 0.5301724137931034, 0.5301724137931034, 0.4267241379310345, 0.4267241379310345, 0.11245020504655509, 0.0905305106064369, 0.09045459484231883, 0.09051724137931035, 0.0696164739542994, 0.0696164739542994, 0.06755812003694732, 0.06550058414196146, 0.06344389915466309, 0.06138809796037345, 0.059333221665744125, 0.057279299045431206, 0.05534365259367844, 0.05340891870959052, 0.05147513438915384, 0.049542336628354826, 0.047610566533845045, 0.04567985288028059, 0.04375023677431304, 0.041821755211928796, 0.03989444929977943, 0.037968351923186205, 0.03607785701751709, 0.034188605588057946, 0.032300622298799715, 0.030413948256393958, 0.028494351896746404, 0.02657618810390604, 0.024659493873859274, 0.02274430620259252, 0.02083066825208993, 0.018952743760470687, 0.01707638543227623, 0.0152016282081604, 0.013328510111775892, 0.01141889239179677, 0.009511056645163175, 0.007605042437027241, 0.005700889846374248, 0.0037986389521894783, 0.0018983289342502068, 0.0, 0.0, 0.003453068178275536, 0.006906693351679835, 0.0103608513700551, 0.013815517055577245, 0.01727066574425533, 0.020664562439096385, 0.02405887636645087, 0.027453589028325575, 0.03084867370539698, 0.03431340538222214, 0.03777847618892275, 0.04124386557217302, 0.044709542701984274, 0.04817549524636104, 0.05164171087330785, 0.055108181361494396, 0.05915269769471267, 0.06319752643848288, 0.06724264292881407, 0.07128802661238046, 0.07533366926785173, 0.0793795421205718, 0.08414816856384277, 0.0889170663110141, 0.09368620247676454, 0.09845556883976378, 0.10331186754950161, 0.10816838001382761, 0.11302508979008116, 0.1178819804356016, 0.12273904372905863, 0.12750951997165022, 0.13228014419818745, 0.1370508917446794, 0.14182174616846546, 0.1475014851011079, 0.15318135557503537, 0.1588613411475872, 0.1645414582614241, 0.17022167403122473, 0.17590198845698915, 0.1820987997383907, 0.18829569323309536, 0.19449265249844255, 0.20068969397709288, 0.20688678478372508, 0.21308390847567854, 0.2192810814956139, 0.22609801127992826, 0.23291499039222455, 0.23973198594718143, 0.24654899794479895, 0.2533660263850771, 0.26018305482535525, 0.2670000832656334, 0.27381709526325093, 0.28063409081820784, 0.28745108637316474, 0.29414630758351296, 0.30084149590853987, 0.30753665134824554, 0.31423177390262996, 0.3214617104365908, 0.3286915811999091, 0.3359213861925849, 0.3431511254146181, 0.35038079886600887, 0.35761040654675713, 0.3644268101659314, 0.37124314801446323, 0.3780594200923525, 0.384875593514278, 0.391691701165561, 0.39929886521964236, 0.40690589773243874, 0.41451283158927127, 0.4221196339048188, 0.4297263375644026, 0.43733287679738014, 0.4449392844890726, 0.45254556063948004, 0.46015167236328125, 0.46775765254579743, 0.47536343541638604, 0.48296908674568967, 0.4905745407630657, 0.4981798632391568, 0.5057849555179991, 0.5133898833702351, 0.5213567470682079, 0.529323413454253, 0.5372898496430496, 0.5452560556345972, 0.5532219985435749, 0.5611876783699825, 0.5684132411562163, 0.5756385408598801, 0.5828635774809738, 0.5900884167901401, 0.5973129272460938, 0.6045372403901199, 0.6113485138991783, 0.6181594585550243, 0.6249701401283001, 0.631780558619006, 0.6385906482564991, 0.644265470833614, 0.6499400303281587, 0.6556143925107759, 0.661288491610823, 0.6669623276283001, 0.6726359005632072, 0.6779850269186085, 0.6833338244207974, 0.6886824246110588, 0.6940306959481075, 0.6993786384319437, 0.705050435559503, 0.7107218380632072, 0.7163928459430563, 0.7220635249696928, 0.7277337436018319, 0.7334035676101158, 0.7387489450388941, 0.7440939278438173, 0.749438450254243, 0.7547824464995285, 0.7601259823503166, 0.764578523307011, 0.7690306696398505, 0.7734824213488348, 0.7779337784339642, 0.7823846751245959, 0.7868351771913725, 0.791030949559705, 0.7952262615335399, 0.7994211788835197, 0.8036157016096444, 0.8078096981706291, 0.8116137405921673, 0.815417322619208, 0.8192205757930361, 0.8230233028017241, 0.8268256351865572, 0.8305595661031788, 0.8342929708546606, 0.8380259152116447, 0.8417582676328462, 0.8455663220635776, 0.8493737187878839, 0.8531805235764076, 0.8569866706585062, 0.8607921600341797, 0.8645969259327856, 0.8684010341249663, 0.871728962865369, 0.8750563654406317, 0.8783831103094693, 0.8817092632425243, 0.8850347584691541, 0.8883595302187163, 0.8916837100324959, 0.8950071005985655, 0.8979907857960668, 0.9009738790577856, 0.9039563146130792, 0.9069381582325903, 0.9099192783750337, 0.912899740811052, 0.9158793482287176, 0.9188517208757072, 0.9218231727337015, 0.9247937695733432, 0.9277633798533472, 0.9307320035737137, 0.9336466295965786, 0.936560269059806, 0.9394727246514682, 0.9423841279128502, 0.9447124086577317, 0.947039900154903, 0.9493666681750067, 0.9516925811767578, 0.9540177049307987, 0.9563004723910628, 0.9585823848329741, 0.9608635080271754, 0.9631437104323815, 0.9654644933240167, 0.9677843554266568, 0.9701032309696592, 0.9724211857236665, 0.9747380881473936, 0.9770125685067013, 0.9792859307650862, 0.9815580433812635, 0.9838288405845905, 0.9858551025390625, 0.9878801148513268, 0.9899038117507408, 0.9919261274666622, 0.9939469304578058, 0.9959662864948141, 0.9979839982657597, 1.0, 1.0]
tipy = [0.0, 0.0004696763794997643, 0.0009326441534634294, 0.001389141740470097, 0.0018394157804291823, 0.0022836882492591596, 0.002722205786869444, 0.003155190369178509, 0.003625360028497104, 0.004089437682053138, 0.004547702855077283, 0.005000344638166757, 0.005447552121918777, 0.005940470202215786, 0.0064270989648227035, 0.006907676828318629, 0.00738247509660392, 0.007851732188257677, 0.008315686521859005, 0.008774543630665746, 0.009228500826605436, 0.009741569387501684, 0.0102488008038751, 0.010750499264947299, 0.011246968959939891, 0.011738481192753232, 0.01222528260329674, 0.0127076033888192, 0.013233242363765323, 0.013754038975156587, 0.014270289190884295, 0.01478230542150037, 0.015290367192235487, -0.00019010182084708377, -0.00019010182084708377, -0.06884944850000842, -0.06884944850000842, 0.026384296088383115, 0.026384296088383115, 0.046195564598872745, 0.04743754452672498, 0.048686117961488924, 0.04994169596968026, 0.051204426535244645, 0.05247356973845383, 0.053725267278737034, 0.054981223468122814, 0.0562404517469735, 0.05750199844097269, 0.03882233027754159, 0.03882233027754159, -0.08609082781035325, -0.08609082781035325, -0.07315979332759462, -0.07315979332759462, -0.05656536283164189, 0.02111447268518908, 0.03890916396831644, 0.03890916396831644, 0.06488194136783995, 0.06460609929314975, 0.06432432141797297, 0.06403642687304266, 0.0637423170023951, 0.06344184382208462, 0.0631348757908262, 0.06283936829402528, 0.06253785922609527, 0.062230266373732995, 0.06191649108097471, 0.061596484019838534, 0.06127013009170006, 0.06093737996857742, 0.060598151437167465, 0.06025234584150643, 0.059899897410951815, 0.05954720234048778, 0.05918793020577266, 0.05882201523616396, 0.05844940810367979, 0.05806307134957149, 0.05766968069405391, 0.057269203251805796, 0.05686157325218464, 0.05644675780986917, 0.05603230410608752, 0.05561084582887847, 0.05518231720759951, 0.054746668914268756, 0.05429477527223785, 0.05383540021962133, 0.05336849442843733, 0.05289402501336459, 0.05241199197440312, 0.05192236242623165, 0.05142548166472336, -0.11586254064379067, -0.1161237636516834, -0.11637729714656699, -0.11662333844036891, -0.11686208484501674, -0.11709373264477171, -0.1173145236640141, -0.11752884295480005, -0.11773687652472792, -0.11793881038139606, -0.11813877111878889, -0.11833277241937046, -0.11852101210890145, -0.11870368184714482, -0.11888092884729648, -0.11905288156764261, -0.11921966820955276, -0.11940789428250544, -0.11958946724390161, -0.11976459082858316, -0.11993346851447532, -0.1200963037795034, -0.12025330087234234, -0.12043111488736909, -0.12060143567364791, -0.1207645574006541, -0.12092067429731632, -0.12107261784117797, -0.12121767332327776, -0.12135602932037978, -0.12148787453770638, -0.12161339742356334, -0.12173070720043676, -0.12184227887412598, -0.12194829087319045, -0.12204892175464795, -0.12216191481927345, -0.122267697006464, -0.12236646093941968, -0.122458398984424, -0.1225437038289062, -0.12262256787126434, -0.12270148194812495, -0.12277321013268726, -0.12283800230843239, -0.12289610631956623, -0.12294770542789123, -0.12299290813248732, -0.12303181880571205, -0.12306747777419615, -0.12309578852326578, -0.12311688994844283, -0.12313092094023134, -0.1231380203905152, -0.12313832085708092, -0.12313192217823535, -0.12311891365619697, -0.12309938459255701, -0.12307342428087803, -0.12304175394619334, -0.12300405074071524, -0.12296039925823951, -0.12291088412869079, -0.12285092938691378, -0.12278435652240596, -0.12271128408610821, -0.1226318305486749, -0.12254611441287501, -0.12245425414936296, -0.12236212200388827, -0.12226473257459443, -0.12216218515973666, -0.12205457905757017, -0.12194199783021006, -0.12181048223684574, -0.12167275709838703, -0.12152880070538356, -0.121378591348385, -0.12122210731794095, -0.12105932690460107, -0.120890228398915, -0.12071479034834895, -0.12053299052961941, -0.1203448168676475, -0.12015027809759667, -0.11994938680837894, -0.11974215481815667, -0.11952859445892532, -0.11930871831959691, -0.11908253847525038, -0.11883884026058789, -0.11858825077270639, -0.11833073609861834, -0.11806617420295189, -0.11779443303058887, -0.11751538104024427, -0.11725581668574235, -0.11699002981185913, -0.116717922276464, -0.11643939542359319, -0.11615435059728293, -0.1158626434104196, -0.11558131411157806, -0.11529369600887956, -0.11499960823305722, -0.11469887042867727, -0.11439130224030593, -0.11412964915407114, -0.11386302319066278, -0.11359132055578561, -0.11331443539981184, -0.11303224851345194, -0.11274462424475572, -0.11246833410756342, -0.1121869775755652, -0.11190044057780299, -0.11160861109865122, -0.11131137506715183, -0.11099009164448442, -0.11066246341014731, -0.11032835779518917, -0.10998762476033178, -0.10964005979998358, -0.10928543682756095, -0.10894441399081, -0.10859672982117226, -0.10824219831104936, -0.1078806303698441, -0.10751183896229186, -0.10719885908324144, -0.1068806226911216, -0.10655700235531249, -0.10622786756219535, -0.1058930857428189, -0.10555252741123068, -0.1052260213884814, -0.10489415094770234, -0.10455680715626683, -0.10421388108154823, -0.10386526173558729, -0.10354400914290855, -0.1032178833566863, -0.10288677338896127, -0.1025505620857765, -0.10220913434850759, -0.10186861712357094, -0.10152284852389631, -0.10117171961685707, -0.10081512146982653, -0.10044549662491371, -0.10006994831150975, -0.0996883593756577, -0.09930061677406574, -0.09890660335277689, -0.09850615879585004, -0.09809909195735536, -0.09773732259355743, -0.09737019908839259, -0.09699759401124099, -0.09661937171015246, -0.09623540475450713, -0.09584555749235482, -0.09544970249307566, -0.09504770616005206, -0.09468139040059056, -0.09430991986702228, -0.09393320412471376, -0.09355112396437547, -0.09316353756805947, -0.09277029284115496, -0.09237124385504887, -0.09196713258480203, -0.0915569416407881, -0.09114052920505919, -0.09071774318300445, -0.0902884397013434, -0.08986031186991725, -0.08942561108490517, -0.0889841996390244, -0.08853592954832933, -0.0881722302272402, -0.08780386941186313, -0.08743071967157824, -0.08705265357576568, -0.08666953547247525, -0.08628822195118871, -0.0859017906517818, -0.08551011414363466, -0.0851130773281229, -0.08470318235200026, -0.0842874707846806, -0.08386581108487885, -0.08343807171131003, -0.08300412523335424, -0.08257171203350198, -0.08213293552398682, -0.08168760661421151, -0.08123552388158338, -0.08082600708665519, -0.08041080935248013, -0.07998978269511256, -0.07956279557326744, -0.07912969589233398, -0.07869035211102716, -0.07824462035606647, -0.07779235675417144, 0.0]
tips = [4, 0.0, 0.0, 0.0, 0.0, 0.0, 0.0, 0.0, 0.0, 0.0, 0.0, 0.0, 0.0, 0.0, 0.0, 0.0, 0.0, 0.0, 0.0, 0.0, 0.0, 0.0, 0.0, 0.0, 0.0, 0.0, 0.0, 0.0, 0.0, 0.0, 0.0, 0.0, 0.0, 0.0, 0.0, 0.0, 0.0, 0.0, 0.0, 0.0, 0.0, 0.0, 0.0, 0.0, 0.0, 0.0, 0.0, 0.0, 0.0, 0.0, 0.0, 0.0, 0.0, 0.0, 0.0, 0.0, 0.0, 0.0, 0.0, 0.0, 0.0, 0.0, 0.0, 0.0, 0.0, 0.0, 0.0, 0.0, 0.0, 0.0, 0.0, 0.0, 0.0, 0.0, 0.0, 0.0, 0.0, 0.0, 0.0, 0.0, 0.0, 0.0, 0.0, 0.0, 0.0, 0.0, 0.0, 0.0, 0.0, 0.0, 0.0, 0.0, 0.0, 0.0, 0.0, 4.0, 0.0, 0.0, 0.0, 0.0, 0.0, 0.0, 0.0, 0.0, 0.0, 0.0, 0.0, 0.0, 0.0, 0.0, 0.0, 0.0, 0.0, 0.0, 0.0, 0.0, 0.0, 0.0, 0.0, 0.0, 0.0, 0.0, 0.0, 0.0, 0.0, 0.0, 0.0, 0.0, 0.0, 0.0, 0.0, 0.0, 0.0, 0.0, 0.0, 0.0, 0.0, 0.0, 0.0, 0.0, 0.0, 0.0, 0.0, 0.0, 0.0, 0.0, 0.0, 0.0, 0.0, 0.0, 0.0, 0.0, 0.0, 0.0, 0.0, 0.0, 0.0, 0.0, 0.0, 0.0, 0.0, 0.0, 0.0, 0.0, 0.0, 0.0, 0.0, 0.0, 0.0, 0.0, 0.0, 0.0, 0.0, 0.0, 0.0, 0.0, 0.0, 0.0, 0.0, 0.0, 0.0, 0.0, 0.0, 0.0, 0.0, 0.0, 0.0, 0.0, 0.0, 0.0, 0.0, 0.0, 0.0, 0.0, 0.0, 0.0, 0.0, 0.0, 0.0, 0.0, 0.0, 0.0, 0.0, 0.0, 0.0, 0.0, 0.0, 0.0, 0.0, 0.0, 0.0, 0.0, 0.0, 0.0, 0.0, 0.0, 0.0, 0.0, 0.0, 0.0, 0.0, 0.0, 0.0, 0.0, 0.0, 0.0, 0.0, 0.0, 0.0, 0.0, 0.0, 0.0, 0.0, 0.0, 0.0, 0.0, 0.0, 0.0, 0.0, 0.0, 0.0, 0.0, 0.0, 0.0, 0.0, 0.0, 0.0, 0.0, 0.0, 0.0, 0.0, 0.0, 0.0, 0.0, 0.0, 0.0, 0.0, 0.0, 0.0, 0.0, 0.0, 0.0, 0.0, 0.0, 0.0, 0.0, 0.0, 0.0, 0.0, 0.0, 0.0, 0.0, 0.0, 0.0, 0.0, 0.0, 0.0, 0.0, 0.0, 0.0, 0.0, 0.0, 0.0, 0.0, 0.0, 0.0, 0.0, 0.0, 0.0, 0.0, 0.0, 0.0, 0.0, 0.0, 0.0, 0.0, 0.0, 0.0, 0.0, 0.0, 0.0, 0.0, 4]
nameroot = Fusecenter.dxf
nametip = Fusecenter.dxf

[Transform]
croot = 232.0
ctip = 232.0
incidenceroot = 0.0
thicknessroot = 100.0
tethicknessroot = 0.0
vinvertroot = 0
incidencetip = 0.0
thicknesstip = 100.0
tethicknesstip = 0.0
vinverttip = 0
covering = 0.0
smooth = 0
nbrpoints = 101
repartition = 1.0
reducepoints = 0

[Bloc]
bloclx = 100.0
blochz = 50.0
fleading = 0.0
ftrailing = 0.0
mleading = 5.0
mtrailing = 10.0
cbcutboth = 0
cbrotdelta = 0
rbleftwing = 0
rbrightwing = 1
rbtabletoblockleft = 0
rbtabletoblockright = 1
bloctotableleft = 500.0
bloctotableright = 250.0
bloctotabletrailingroot = 20.0
hoffset = 20.0
hprofileroot = 3.0
hprofiletip = 3.0
cbalignprofiles = 3
angleinroot = 0.0
angleintip = 0.0
angleoutroot = 0.0
angleouttip = 0.0
gbextracutcmdsactive = 0
extracutcommands = X; LE;=; 0;=; 0;=; 8;=; 1;=; 8;=; 2;=; 10;=
	L; TE;=; 90;=; 5;=

[Material]
mspeednorm = 3.5
mspeedhalf = 1.8
mspeedmin = 0.5
mspeedmax = 6.0
mradspnorm = 1.0
mradsphalf = 3.0
mheatspnorm = 80.0
mname = Yellow foam 40 kg/m3
mhotwire = NiCr, 800 mm x 0.3 mm, 24 V

[Table]
tableyy = 850.0
tableyg = 0.0
tableyd = 0.0
maxdiag = 1000.0
cmaxy = 660.0
cmaxz = 360.0
vmaxy = 16.0
vmaxz = 16.0
theatingmax = 100.0
tsvaluemin = 0.0
tsvaluemax = 1000.0
tname = My CNC
tcomport = Select port
tbaudrate = 115200
tpreheat = 4.0
tpostheat = 4.0
vcut = 3.5
gcodestart1 = 
gcodestart2 = 
gcodestart3 = 
gcodestart4 = 
gcodeend1 = 
gcodeend2 = 
gcodeend3 = 
gcodeend4 = 
gcodeletters = XYAZ

[Cut]
vcut = 3.5
vheat = 80.0
vusefoamparam = 1

[Guillotine]
gcuttingspeed = 3.5
gheating = 80.0
gusefoamparam = 1

