[Profil]
rootx = [1.0, 0.9999973251590193, 0.9999894076297164, 0.9999751774756991, 0.9999577375125048, 0.9999345198927924, 0.9999048826547262, 0.9998681838364709, 0.9998237814761912, 0.9997712475993302, 0.999713471034147, 0.9996472419714648, 0.9995720254430874, 0.9994878214490148, 0.9993943090083295, 0.9992850685026775, 0.9991654496140204, 0.9990353453487191, 0.9988947557067732, 0.9987434667009046, 0.9985815853247525, 0.9984191689804042, 0.9982472302021644, 0.9980656619963943, 0.9978744643630936, 0.9976736373022623, 0.9974988096957635, 0.9973171344963542, 0.9971287186976734, 0.996933455306082, 0.9967313443215801, 0.9965223857441675, 0.9963189908359948, 0.9961093902967468, 0.9958936911200629, 0.9956717863123037, 0.9954435688798301, 0.9951734099407791, 0.9948950124915074, 0.9946085905192936, 0.9943143580114162, 0.9940123149678751, 0.9937026753759489, 0.9933855462292767, 0.9930610345214977, 0.992713198200367, 0.9923576583372119, 0.9919944149320323, 0.9916236819721067, 0.9912455664510745, 0.9908601753625746, 0.9904677226938858, 0.9900684224322864, 0.9896622745777763, 0.9892496001112734, 0.9888302920391383, 0.9884047783359279, 0.9879978815259433, 0.987585528040358, 0.9871679318664506, 0.9867453069914993, 0.9863176534155045, 0.985925414734094, 0.9855293242816715, 0.9851295960455151, 0.984726230025625, 0.9843194402092795, 0.9839168231448641, 0.9835111032649109, 0.9831024945566986, 0.9826911040138664, 0.9821980773243031, 0.9817016268382844, 0.981201966543089, 0.9806993104259952, 0.9801938724742814, 0.9796860806625046, 0.9791759349906648, 0.9786638634333189, 0.9781498659904668, 0.9776344776303049, 0.9771178053464722, 0.976599956132608, 0.9761109952013353, 0.9756214993018665, 0.9751316824214801, 0.9746417585474544, 0.9741518346734287, 0.9585095786055519, 0.9428671085503967, 0.927224424507963, 0.9115816334718901, 0.8959387889389976, 0.8802957839156462, 0.864652618401836, 0.8474450453920515, 0.8302373653886277, 0.813029524894745, 0.7958215774072231, 0.7786135764228816, 0.7642734329444114, 0.7499332894659413, 0.7355930389938318, 0.7212527885217224, 0.7069124310559737, 0.6925720735902251, 0.6790510734136855, 0.6655301267339657, 0.6520090730606065, 0.6384880193872474, 0.6249669657138883, 0.6106264477576808, 0.5962858763046537, 0.5819453048516265, 0.567604786895419, 0.5532642154423919, 0.5389236439893649, 0.5254025368191861, 0.5118814831458269, 0.49836042947246784, 0.48483937579910874, 0.47131837562256923, 0.4577973754460297, 0.44427642876630985, 0.43075550883499975, 0.4172346424005093, 0.40371380271442864, 0.3904344744204957, 0.3771551728749726, 0.3638759515746789, 0.35059675702279497, 0.35059675702279497, 0.0, 0.0006840639891341272, 0.001363286411607205, 0.002037631794430446, 0.002707064664615064, 0.0033715505417890408, 0.0040310543186645054, 0.004685541514869441, 0.0053349778590037825, 0.00597932991555527, 0.00661856341312384, 0.007252644916197232, 0.007881541825150995, 0.008505221122416771, 0.009123650208370112, 0.009736796483386562, 0.010344628183729478, 0.010947112709774404, 0.01154421996956031, 0.012135917363462742, 0.012722175635408475, 0.013302962185773056, 0.013878248594371064, 0.014448003097465856, 0.015012197274872009, 0.015570799362852878, 0.01612378428477427, 0.016671118605123925, 0.01721277724726765, 0.01774873011924441, 0.018278948800868788, 0.018803406543730975, 0.019322074927645552, 0.019834928875978323, 0.02034193996854387, 0.020843083128707997, 0.02133832993628529, 0.021827655314641543, 0.022311034187142573, 0.022788441477154184, 0.023259852108042177, 0.023725241003172363, 0.02418458308591054, 0.024637856623173752, 0.025085036538327797, 0.025526099426514095, 0.025961021882874063, 0.026389782174324736, 0.02681235689600753, 0.027228724314839484, 0.027638862697737618, 0.028042750311618975, 0.02844036709517619, 0.028831692987101917, 0.029216702910761956, 0.029595383491951403, 0.029967707982260453, 0.030333663007484205, 0.030693225162764074, 0.03104637773034393, 0.03139310399246765, 0.03173338054427664, 0.03206719401156601, 0.032394527676579625, 0.03271535813445891, 0.033029675354550175, 0.03333745927554607, 0.033638696523241696, 0.033933370379880916, 0.03422146412770761, 0.034502961048965636, 0.03477785111300133, 0.03504611760205856, 0.03530774379838118, 0.035562723014866765, 0.035811035190207945, 0.03605267029375104, 0.036287614951291146, 0.036515859132174595, 0.03673738611864524, 0.036952189223600655, 0.03716025172928469, 0.03736157029214613, 0.03755612819442884, 0.03774391874903037, 0.037924928581745815, 0.03809915434902395, 0.03826657933310865, 0.03842720019044868, 0.03858100354683914, 0.03872798940228003, 0.03886814103901523, 0.03900145845704473, 0.03912793162571485, 0.03924755051437192, 0.03936031512301594, 0.039466215420993225, 0.03956524806475255, 0.03965740636719147, 0.03974268698475875, 0.03982108657390318, 0.058293625318974786, 0.07676568927977231, 0.09523725170788597, 0.11370833266462309, 0.13217889871447142, 0.15031916202581758, 0.16845893049158228, 0.18659820411176556, 0.2047369828863674, 0.2232454246845025, 0.24175333151444148, 0.2602607167503892, 0.2787675937665506, 0.297273909066106, 0.3157796893974653, 0.33428490801221866, 0.3527895916587759, 0.37129371358872715, 0.38979727380207246, 0.40830029904722165, 0.42680273582735506, 0.4453045841424727, 0.46380587074098445, 0.48415664938719394, 0.5045066790779288, 0.5248560133100088, 0.5452047055802532, 0.5655527023918429, 0.587133212430521, 0.6087131340041835, 0.6302924136160105, 0.6518711047628218, 0.6734493144382566, 0.6950269891454953, 0.7119806127525719, 0.7289339153787308, 0.7458870575144307, 0.7628398786692131, 0.7797923253462582, 0.7967441300614678, 0.8081353683523514, 0.8195261786686782, 0.830916561010448, 0.8423064618808411, 0.8536957742862187, 0.8648811033184077, 0.8760657903887614, 0.8872497820004601, 0.8984330781535038, 0.9073791373102869, 0.9163246614988739, 0.9252695437256255, 0.9342139979778202, 0.9431577032745403, 0.9519411320996967, 0.9607239189630177, 0.9695060638645032, 0.9782875668041535, 0.9789726470761313, 0.9796556944689638, 0.9803363880017333, 0.9810145136871613, 0.9816899645316086, 0.9823505432602032, 0.9830079121796209, 0.9836620712898618, 0.9843126996100082, 0.9848306558175116, 0.9853460441776737, 0.9858588646904941, 0.9863689033686948, 0.9868762672059146, 0.987371647755541, 0.9878634975150727, 0.9883516024972315, 0.9888351067529035, 0.9892416825819705, 0.9896441926527468, 0.9900426369652324, 0.9904365875448704, 0.9908257234107433, 0.991209723581933, 0.9915667613560374, 0.991918770429098, 0.992265322826558, 0.9926063115547781, 0.9929414156328407, 0.9932703140798279, 0.9935927929084616, 0.9939086381314631, 0.9942175287679147, 0.9945192508305382, 0.9948084546373718, 0.9950904898703772, 0.9953653565295543, 0.9956327336339854, 0.9959132709560417, 0.996184927806042, 0.996447597190347, 0.996701279108957, 0.9969457595745933, 0.9971809315936168, 0.9973940629229592, 0.9975987417548027, 0.9977947541018687, 0.9979820999641571, 0.9981605653543897, 0.9983302572662055, 0.9984908547186869, 0.9986423577118341, 0.9987846592520074, 0.9989177593392072, 0.9990394111070097, 0.9991525033836739, 0.999257143162839, 0.9993536514254228, 0.9994436330760136, 0.9995256971973017, 0.9995998437892867, 0.9996666078201651, 0.9997258822962974, 0.9997773462367662, 0.9998221765716028, 0.9998604802944465, 0.9998927923734934, 0.9999233925543126, 0.999946075205829, 0.9999609473216817, 0.9999686508637061, 0.9999693998191808, 0.9999635151690232, 0.9999626592199093, 0.9999674739336747, 0.9999939013625639, 0.9999985020890508, 1.0]
rooty = [0.0, 0.0006986818383647092, 0.0013969490763774094, 0.002094708094603776, 0.0026757103040224257, 0.0032562444162694527, 0.0038362435603203388, 0.004415667613560374, 0.00499444970496504, 0.005572536337714723, 0.006116913287005088, 0.006660574716333114, 0.007203467128879188, 0.007745416659979564, 0.008286182573945979, 0.008858163882157205, 0.009428266114579488, 0.0099962017258074, 0.010561696544640422, 0.011124463025673124, 0.011684220310602535, 0.01220898398840189, 0.012730584666741563, 0.013248781609933289, 0.013763347456493711, 0.014274041470734565, 0.014696485793919552, 0.015115947669411054, 0.015532273293852681, 0.0159453422994003, 0.016355000882697524, 0.016761128675900218, 0.017140688611062074, 0.017516858185280884, 0.01788953709201988, 0.01825859827633247, 0.018623941431681886, 0.019039484665136656, 0.019449791897371702, 0.019854709325030626, 0.020254063083449687, 0.020647706056374948, 0.021035477753347562, 0.021417217683908692, 0.021792778731804394, 0.022179413621360212, 0.022558906685497548, 0.02293108405955266, 0.0232957585046569, 0.023652742781941613, 0.02400186302674306, 0.024342945374397493, 0.02467580258603626, 0.025000247422790715, 0.02531610601999711, 0.025623191138786798, 0.025921328914496035, 0.026194069075093487, 0.026458543977060565, 0.026714593129938426, 0.026962082791678034, 0.027200839097615646, 0.02740975755241351, 0.027611346942924244, 0.02780556714653314, 0.02799240478903529, 0.028171806373611087, 0.028340749329952335, 0.02850247021564568, 0.028656942282281318, 0.028804138781449443, 0.028969831805999133, 0.029125119699133888, 0.02926994896403409, 0.02940427947808503, 0.029528057744467092, 0.029641230266360664, 0.029743743546946134, 0.02983555746360879, 0.029916618519529013, 0.029986886592092102, 0.03004629481027353, 0.030094816425663494, 0.030130525552755888, 0.030156471510268713, 0.030172600801382357, 0.03017887330348211, 0.030175262268158157, 0.029927157392992988, 0.029686622317803207, 0.02945377741043295, 0.029228743038726347, 0.029011639570527534, 0.028802573999475733, 0.028601666693415077, 0.02839023388809535, 0.02818899222691211, 0.027998075451914385, 0.02781765742776592, 0.027647885270720655, 0.027514664815676708, 0.027389040909017958, 0.027271093795973828, 0.02716094384438845, 0.027058644551081437, 0.026964329658101825, 0.026882760382395267, 0.026808439925746413, 0.02674142178497488, 0.026681799579514998, 0.026629640180391274, 0.02658256297913089, 0.026544058643213662, 0.02651422079207391, 0.026493129670941064, 0.026480905647659248, 0.02647761559325298, 0.02648277803634574, 0.02649604524761003, 0.026517497472275272, 0.026547214955570893, 0.026585251194316498, 0.02663171318215132, 0.026686654415894975, 0.02675015514077688, 0.026822308976231363, 0.026903169419078037, 0.02699114493893338, 0.027087679949926977, 0.027192841323083344, 0.027306695929426996, -0.008658948413016846, -0.008658948413016846, -0.00932617412144848, -0.009998321537284608, -0.010675363912115425, -0.011357261123326218, -0.01204397973540473, -0.012735486312838702, -0.013431747420115873, -0.014132716247519085, -0.014838359359536075, -0.015548650007757039, -0.016263541382464813, -0.016982993361044686, -0.01770697919508685, -0.01843545207487415, -0.019168371877791867, -0.019905711855430195, -0.020647425198071976, -0.021393478470204945, -0.022143824862111947, -0.022898430938280718, -0.0236572498889941, -0.02442025496584228, -0.02518739267200565, -0.025958636259074398, -0.026733938917331366, -0.02751325383705939, -0.028296547582746207, -0.029083780031777112, -0.02987490437443494, -0.030669887175207435, -0.03146868162437743, -0.03227124759933022, -0.03307753829034864, -0.03388752026192043, -0.034701140017225976, -0.03551836412075302, -0.036339152449886856, -0.03716345150780786, -0.03799122451545256, -0.038822428006655, -0.03965701851524927, -0.04049495257506941, -0.04133618337639827, -0.04218067079662114, -0.043028368026020856, -0.043879231598431476, -0.04473321804768707, -0.04559028056407047, -0.04645037568141574, -0.04731345993355695, -0.048179486510776935, -0.04904840860335853, -0.0499201827451358, -0.05079476546994281, -0.051672106624511174, -0.05255216274267495, -0.0534348903582682, -0.054320239318022545, -0.055208162812220817, -0.056098617374697075, -0.056991552852182936, -0.057886929122063696, -0.05878469268751973, -0.0596848000823851, -0.06058720449694266, -0.061491855777924, -0.062398710459163204, -0.06330771838739187, -0.06421883275289283, -0.06513200674594895, -0.06604719021329182, -0.06696433801697989, -0.06788340167552039, -0.06880433103564493, -0.06972708263118757, -0.07065160296532871, -0.0715778469001268, -0.07250576428231342, -0.07343530997394705, -0.07436643047820807, -0.07529908065715493, -0.07623321035751925, -0.07716877109780823, -0.07810571439652912, -0.07904399010041353, -0.07998354972796867, -0.08092434479770177, -0.08186632599223226, -0.08280944315829174, -0.08375364781438743, -0.08469889064313876, -0.08564512232716515, -0.0865922927131982, -0.08754035248385733, -0.08848925232176197, -0.08943894290953153, -0.09038937409389762, -0.0913404963485077, -0.09229226014700927, -0.09324461554510584, -0.09222993175477592, -0.09120631608528998, -0.09017378504543218, -0.0891323559798745, -0.08808204497945722, -0.08704186075981533, -0.08599314087183767, -0.08493590245122427, -0.08387016054395566, -0.08277391876240457, -0.08166885752860742, -0.08055499188854473, -0.07943233939586042, -0.07830091760419843, -0.07716074155953928, -0.07601183048730253, -0.07485419943346867, -0.07368786678756947, -0.07251284759558545, -0.07132916024704831, -0.0701368197879386, -0.06893584627956369, -0.06772625309612844, -0.06638576656930245, -0.06503489664414451, -0.06367369347392297, -0.06230246633712626, -0.06092163652120881, -0.05944711036928855, -0.05796277758162277, -0.05646915640865151, -0.05496675172660985, -0.053456081785937824, -0.051937651462870535, -0.0507394932246278, -0.049537112081186774, -0.04833075211178695, -0.04712012242747168, -0.04590343422833513, -0.0446786245432709, -0.043849968838102577, -0.04301609384947065, -0.042176377676847114, -0.04133019841970395, -0.04047693083396192, -0.03963140022575658, -0.038777838407506676, -0.037915656914196454, -0.03704426728081016, -0.03634012876684481, -0.03562941014406693, -0.03491181717996865, -0.03418704226783718, -0.03345478448806218, -0.03272803019360499, -0.03199347873768905, -0.03125084257490892, -0.030499840846961647, -0.03031260197831239, -0.030118548952264786, -0.029917193610339864, -0.029708047794058643, -0.029490623344942145, -0.02926855135962167, -0.029037552092528097, -0.02879716413359226, -0.02854693275984743, -0.028339345038437463, -0.028124916411219354, -0.027903419516709733, -0.027674606932117887, -0.027438251295960454, -0.02719853204726979, -0.026951055759735085, -0.02669557501056562, -0.026431862438278043, -0.02620145832330268, -0.02596479508043247, -0.025721732280515924, -0.025472109433094203, -0.02521579279611827, -0.024952621879129284, -0.02469808401140552, -0.024437200083455037, -0.024169849727433704, -0.023895899201292484, -0.023615234824289694, -0.02332772954147876, -0.02303325629791309, -0.022731688038646104, -0.02242291108293612, -0.022106845185553718, -0.021789508738705485, -0.021465511937815297, -0.021135082144366518, -0.02079842665853515, -0.02042811498606408, -0.020051056027219183, -0.01966751057899608, -0.01927773943839039, -0.01888201677660263, -0.018480596703525975, -0.0180971448747372, -0.01770909231946161, -0.017316659712080115, -0.016920074414076083, -0.016519557099830415, -0.01611532175662157, -0.015707602433035355, -0.015296619803452685, -0.014882587855152011, -0.014465733949616696, -0.01405374825466626, -0.013639375264140547, -0.013222762094293494, -0.012804062548481493, -0.012375773697753669, -0.01194564589385161, -0.011513846314336613, -0.011080535449667517, -0.010645880477405618, -0.010217832362366057, -0.009788794556163636, -0.009358927549257197, -0.00892838514500313, -0.008415170093137962, -0.007901466882793818, -0.007387549685171217, -0.006873679297265778, -0.006360103141868216, -0.005847095390179054, -0.004958051806320115, -0.004068453192957679, -0.001398233000048147, -0.0006990028192823937, 0.0]
roots = [4, 0.0, 0.0, 0.0, 0.0, 0.0, 0.0, 0.0, 0.0, 0.0, 0.0, 0.0, 0.0, 0.0, 0.0, 0.0, 0.0, 0.0, 0.0, 0.0, 0.0, 0.0, 0.0, 0.0, 0.0, 0.0, 0.0, 0.0, 0.0, 0.0, 0.0, 0.0, 0.0, 0.0, 0.0, 0.0, 0.0, 0.0, 0.0, 0.0, 0.0, 0.0, 0.0, 0.0, 0.0, 0.0, 0.0, 0.0, 0.0, 0.0, 0.0, 0.0, 0.0, 0.0, 0.0, 0.0, 0.0, 0.0, 0.0, 0.0, 0.0, 0.0, 0.0, 0.0, 0.0, 0.0, 0.0, 0.0, 0.0, 0.0, 0.0, 0.0, 0.0, 0.0, 0.0, 0.0, 0.0, 0.0, 0.0, 0.0, 0.0, 0.0, 0.0, 0.0, 0.0, 0.0, 0.0, 0.0, 0.0, 0.0, 0.0, 0.0, 0.0, 0.0, 0.0, 0.0, 0.0, 0.0, 0.0, 0.0, 0.0, 0.0, 0.0, 0.0, 0.0, 0.0, 0.0, 0.0, 0.0, 0.0, 0.0, 0.0, 0.0, 0.0, 0.0, 0.0, 0.0, 0.0, 0.0, 0.0, 0.0, 0.0, 0.0, 0.0, 0.0, 0.0, 0.0, 0.0, 0.0, 0.0, 4.0, 4.0, 4.0, 0.0, 0.0, 0.0, 0.0, 0.0, 0.0, 0.0, 0.0, 0.0, 0.0, 0.0, 0.0, 0.0, 0.0, 0.0, 0.0, 0.0, 0.0, 0.0, 0.0, 0.0, 0.0, 0.0, 0.0, 0.0, 0.0, 0.0, 0.0, 0.0, 0.0, 0.0, 0.0, 0.0, 0.0, 0.0, 0.0, 0.0, 0.0, 0.0, 0.0, 0.0, 0.0, 0.0, 0.0, 0.0, 0.0, 0.0, 0.0, 0.0, 0.0, 0.0, 0.0, 0.0, 0.0, 0.0, 0.0, 0.0, 0.0, 0.0, 0.0, 0.0, 0.0, 0.0, 0.0, 0.0, 0.0, 0.0, 0.0, 0.0, 0.0, 0.0, 0.0, 0.0, 0.0, 0.0, 0.0, 0.0, 0.0, 0.0, 0.0, 0.0, 0.0, 0.0, 0.0, 0.0, 0.0, 0.0, 0.0, 0.0, 0.0, 0.0, 0.0, 0.0, 0.0, 0.0, 0.0, 0.0, 0.0, 0.0, 4.0, 0.0, 0.0, 0.0, 0.0, 0.0, 0.0, 0.0, 0.0, 0.0, 0.0, 0.0, 0.0, 0.0, 0.0, 0.0, 0.0, 0.0, 0.0, 0.0, 0.0, 0.0, 0.0, 0.0, 0.0, 0.0, 0.0, 0.0, 0.0, 0.0, 0.0, 0.0, 0.0, 0.0, 0.0, 0.0, 0.0, 0.0, 0.0, 0.0, 0.0, 0.0, 0.0, 0.0, 0.0, 0.0, 0.0, 0.0, 0.0, 0.0, 0.0, 0.0, 0.0, 0.0, 0.0, 0.0, 0.0, 0.0, 0.0, 0.0, 0.0, 0.0, 0.0, 0.0, 0.0, 0.0, 0.0, 0.0, 0.0, 0.0, 0.0, 0.0, 0.0, 0.0, 0.0, 0.0, 0.0, 0.0, 0.0, 0.0, 0.0, 0.0, 0.0, 0.0, 0.0, 0.0, 0.0, 0.0, 0.0, 0.0, 0.0, 0.0, 0.0, 0.0, 0.0, 0.0, 0.0, 0.0, 0.0, 0.0, 0.0, 0.0, 0.0, 0.0, 0.0, 0.0, 0.0, 0.0, 0.0, 0.0, 0.0, 0.0, 0.0, 0.0, 0.0, 0.0, 0.0, 0.0, 0.0, 0.0, 0.0, 0.0, 0.0, 0.0, 0.0, 0.0, 0.0, 0.0, 0.0, 0.0, 0.0, 0.0, 0.0, 0.0, 0.0, 0.0, 4]
tipx = [1.0, 0.9999921831409627, 0.999937541019537, 0.9999024789916221, 0.9998564126475868, 0.9998198327829657, 0.9997760431939898, 0.9997239055031295, 0.9996623572246902, 0.9995902599811424, 0.9995213501946777, 0.9994437887389873, 0.9993568166957181, 0.9992599028220227, 0.9991523640913835, 0.9990335174772825, 0.998910876271416, 0.9987779137759467, 0.9986348576663807, 0.9984817838345533, 0.9983189199559706, 0.9981356411736885, 0.9979415857507918, 0.9977370572546219, 0.9975221315770141, 0.9972970363934742, 0.9970619234876731, 0.9967721684604461, 0.996469056470204, 0.9961528151924526, 0.9958238240863686, 0.9954751769949384, 0.9951138559670107, 0.9947400127862565, 0.9943541028036873, 0.9939563536948092, 0.9935471449187988, 0.9931267800429973, 0.9926965492286051, 0.9922558453409395, 0.9918050478391773, 0.9913443843988243, 0.9908743103708925, 0.9904036292082782, 0.9899244481601087, 0.9894369949018901, 0.9889416488927988, 0.9884283924105736, 0.9879074708529817, 0.9873792636791997, 0.9868441503484042, 0.9863023585361012, 0.9857543435933024, 0.9852002573036784, 0.9847108308577417, 0.984217306252698, 0.983719835272218, 0.9832187214836429, 0.9827141166706433, 0.9822063244005608, 0.9816954964570656, 0.9811818605156638, 0.9806409794053844, 0.9800975179727044, 0.9795517038931297, 0.9790038407340016, 0.9784540802789905, 0.9779028019872732, 0.9563681901497255, 0.9348340336631896, 0.9133004084195009, 0.8917672385268242, 0.8702346757688298, 0.8487025683618474, 0.8271710680895475, 0.807434409722412, 0.7876982067062883, 0.7679626108248471, 0.7482274702944178, 0.728492936898671, 0.7087590106376068, 0.6890256915112251, 0.6692929036276904, 0.6495607987706737, 0.6298293769401748, 0.6100985622443583, 0.5903684685209775, 0.5717664310376964, 0.5531650006890979, 0.5345642533670172, 0.5159641511255366, 0.4973647319105739, 0.4973647319105739, 0.0, 0.0010539222938897282, 0.002099733499654085, 0.0031373690647651816, 0.004166764733147611, 0.005187857360422772, 0.0062005840986645465, 0.007204882099946815, 0.008200689109248422, 0.009187944650263102, 0.0101665864679697, 0.011136556457681803, 0.012097791771473292, 0.013050235490467682, 0.013993828324168634, 0.01492851216788974, 0.015854227731134655, 0.016770920466646754, 0.01767853108392969, 0.018577006221536768, 0.019466288960591493, 0.02034632593964717, 0.02121705905401738, 0.022078438499685202, 0.022930412101013854, 0.023772922939126855, 0.02460592121000728, 0.02542935473801835, 0.02624317609076299, 0.02704733072098458, 0.027841771196286037, 0.02862644771265044, 0.029401312837680722, 0.030166316767359955, 0.030921416812530775, 0.031666560797556406, 0.03240170603327948, 0.03312680508730293, 0.033841817642089246, 0.034546693893621506, 0.03524139352436219, 0.035925873845153944, 0.0366000921668394, 0.037264005800261187, 0.03791757442788181, 0.0385607601037836, 0.03919351776718935, 0.039815816587040954, 0.040427609130941344, 0.04102886219621257, 0.04161953783693698, 0.04219960285043662, 0.04276901454755413, 0.04332774446885126, 0.04387575466841036, 0.044413011943553474, 0.04493948783484237, 0.04545513965311967, 0.04595994368218685, 0.04645386671936596, 0.046936880305218746, 0.04740895123706727, 0.04787004631223358, 0.04832015130099855, 0.04875922351420483, 0.04918724397889357, 0.04960418423562654, 0.0500100158249655, 0.05040471977395161, 0.05078826762314664, 0.05116063565635206, 0.05152180015736931, 0.05187174215323958, 0.05221043792776433, 0.05253786850798473, 0.05285401017770225, 0.05315884870719777, 0.053452360380272734, 0.05373452622396834, 0.05400533200856546, 0.05426476350434496, 0.05451279699510832, 0.05474942773761582, 0.05497462727242922, 0.05518839559954854, 0.05539071374601492, 0.05558156748210926, 0.055760942578112434, 0.05592883903402444, 0.05608523313364674, 0.056230124876979336, 0.05636350003430311, 0.05648535386237835, 0.05659567687472565, 0.0566944643281053, 0.05678170673603788, 0.05685739935528368, 0.056921542185842715, 0.05697412574123555, 0.057015145278222504, 0.057044605540043265, 0.07334322147028592, 0.08964073222567683, 0.10593714729269538, 0.12223248090106073, 0.13852674253725228, 0.1545290103370751, 0.1705302441106418, 0.18653050077682884, 0.20252975187619796, 0.2188545030572267, 0.23517824867143752, 0.2515010076917893, 0.26782276114532316, 0.28414354697795674, 0.3004633462167313, 0.31678221578052324, 0.3358197016418743, 0.3548559163149839, 0.3738908787728108, 0.39292458901535504, 0.4119571229344519, 0.4309884425841838, 0.44893116974817876, 0.466872872372397, 0.4848135504568385, 0.5027532419474209, 0.5206919468441443, 0.5386208237481945, 0.5565488658420563, 0.5744759972338944, 0.5924021420318734, 0.6103273002359932, 0.6293376737391786, 0.6483468329729989, 0.6673547779374542, 0.6863613568488739, 0.7053665697072579, 0.7243703406207709, 0.7406581704239197, 0.756944937741374, 0.7732304907894633, 0.7895149054600229, 0.8057981817530528, 0.8220801678848824, 0.8383609397473469, 0.8543148454751163, 0.8702674610416853, 0.8862187864470539, 0.9021688216912223, 0.9184074735850878, 0.9346446835340824, 0.9508804515382061, 0.9671147017056234, 0.9833475099281699, 0.9838102224480764, 0.984270809996594, 0.9847288931145463, 0.9851843200182626, 0.9856369389240723, 0.9860863703727989, 0.986611693656839, 0.9871320839715837, 0.9876470100741858, 0.988156168397304, 0.9886055239541953, 0.9890497947581206, 0.989488525458068, 0.9899216401622021, 0.9903486835195112, 0.9907695037463246, 0.9911837972753009, 0.9915913364309344, 0.9919918176458838, 0.9923849373528077, 0.9927705437680356, 0.9931481815405557, 0.9935177747785324, 0.9938789440227894, 0.9942314615978206, 0.9945750239362848, 0.994925112972586, 0.995264728935614, 0.995593720041698, 0.9959117068316616, 0.9962186893055047, 0.9965144397877215, 0.9967862843418144, 0.9970478076063047, 0.9972988577975218, 0.9975393590236303, 0.9977692353927949, 0.9979884110131803, 0.9981968099929511, 0.9983942805484369, 0.9985893984570279, 0.9987722977801334, 0.9989429785177535, 0.9991012888862175, 0.99924715299369, 0.9993804949483359, 0.999501087074649, 0.9996089293726296, 0.9997038700586067, 0.9997858332407453, 0.99985474302721, 0.99991044763433, 0.9999507461988816, 0.9999792056371241, 0.9999956741653871, 1.0]
tipy = [0.0, 0.00048546109754165094, 0.002401559182578149, 0.0033605948189554735, 0.004318710266829622, 0.00491996333210085, 0.005520115965760033, 0.006118855113986501, 0.006715905668877244, 0.007310973549570422, 0.007805133748734883, 0.008297548435687134, 0.008788046853797719, 0.009276458246437183, 0.009762621343455482, 0.010246355901743751, 0.01070007523916553, 0.011151280659542549, 0.011599791919765937, 0.012045409803768, 0.01248794458196045, 0.012953721234717662, 0.013415589457956227, 0.013873312089690792, 0.014326661454415418, 0.014775409876624162, 0.015219329680811083, 0.015736010782104827, 0.01624528294297609, 0.01674678567720713, 0.017240130039141974, 0.01773475507579773, 0.01822010233558641, 0.018695763899893206, 0.019161379282500376, 0.01961665440254608, 0.02006138055748321, 0.020495311098846992, 0.02091731713558714, 0.021328119640139132, 0.021727490936997027, 0.0221152128371343, 0.02249103869208618, 0.02284835642570098, 0.02319377811413039, 0.023527076081868468, 0.02384803213988869, 0.024162594310783745, 0.024463856437540107, 0.024751581358172427, 0.025025531910695346, 0.02528549939256175, 0.02553122766882746, 0.02576250803694536, 0.02595283527343221, 0.026131769248142624, 0.02629913920444714, 0.02645480284515455, 0.02659859890011481, 0.02673038507213671, 0.026850000091070202, 0.026957282686765255, 0.027056283585931717, 0.02714141525219464, 0.027212487955965734, 0.02726933094061555, 0.027311763963035213, 0.027339616266595267, 0.028159323979816415, 0.02899163922417902, 0.02983679916166843, 0.030695031467790596, 0.031566573304530866, 0.032451661833874594, 0.03335052473132773, 0.03418678635112663, 0.03503500093498741, 0.03589534872601894, 0.03676800048085067, 0.03765314592907088, 0.03855096531378845, 0.039461629391632835, 0.04038532789219231, 0.041322241058575744, 0.04227253964741261, 0.043236413388291164, 0.04421403303784088, 0.04514853663845312, 0.04609558136485091, 0.04705530951422547, 0.04802787287024743, 0.04901342321658741, 0.027074165599627463, 0.027074165599627463, 0.026045556123226482, 0.02500869340973516, 0.02396365335098881, 0.022910492865863913, 0.02184927835971637, 0.020780085724381496, 0.01970296239225636, 0.01861799374165569, 0.01752522720497656, 0.016424748160533697, 0.015316613527203581, 0.014200899196821529, 0.013077662088264027, 0.0119469875798458, 0.010808932590443335, 0.009663573011891947, 0.008510975249547532, 0.007351215195245407, 0.006184368740820883, 0.005010492805150445, 0.003829672766548822, 0.0026419845168513265, 0.0014474849749344446, 0.00024625951911290335, -0.0009616254452573978, -0.0021760845398617313, -0.0033970513593441975, -0.004624440525390069, -0.00585819511912286, -0.00709822027574843, -0.008344440103431465, -0.009596797683295478, -0.01085519815054633, -0.012119565613348706, -0.013389824179867293, -0.014665897958266776, -0.01594770157023243, -0.017235168610408354, -0.018528204214000404, -0.01982673248917327, -0.02113068703057105, -0.022439972973399606, -0.023754514425823624, -0.02507423075276808, -0.026399036575918244, -0.02772885600343881, -0.02906359891377534, -0.030403194158332224, -0.031747551615555036, -0.033096585907129036, -0.03445022114121892, -0.035808371939509955, -0.037170948180447715, -0.03853787397219687, -0.039909059193203006, -0.04128442320839109, -0.04266388063944639, -0.044047346108054185, -0.045434729492660045, -0.04682595490142865, -0.048220927469565855, -0.04961956656199665, -0.051021782057166586, -0.052427488576760946, -0.053836600742465004, -0.055249033175964024, -0.05666469575570358, -0.05808349836012922, -0.05950536035416595, -0.06093019161625931, -0.06235790202485488, -0.06378840620163793, -0.06522161402505403, -0.06665743774516858, -0.06809578961204701, -0.06953657950413489, -0.07097971729987779, -0.07242511762096096, -0.07387269034582998, -0.07532234298131057, -0.07677399014908799, -0.07822753935598796, -0.07968290285207588, -0.08113999051579734, -0.08259871222559789, -0.0840589778599231, -0.08552069729721853, -0.08698378041592976, -0.08844813709450233, -0.0899136760255719, -0.09138030827339397, -0.09284794371641407, -0.09431648986145794, -0.0957858571798761, -0.09725595555011411, -0.09872669366480762, -0.10019798080949723, -0.10166972626972352, -0.10314183933102714, -0.10461422927894778, -0.1034379190978379, -0.10224694415358898, -0.10104152241288908, -0.09982187243533029, -0.09858821122412924, -0.09736315395330436, -0.09612499822602835, -0.09487395155903838, -0.09361022028326173, -0.09230783694001692, -0.09099268123805083, -0.08966497136639, -0.08832492788568079, -0.08697276898494974, -0.08560871522484323, -0.0842329859801977, -0.08261350401862447, -0.08097877965625248, -0.07932915677796053, -0.07766498638348691, -0.0759866171009501, -0.07429439755846859, -0.07268650333149979, -0.07106689804569417, -0.06943587578191358, -0.06779372587778014, -0.06614074004253585, -0.06447173628680071, -0.06279293774107042, -0.061104045581243424, -0.0594047704696976, -0.05769482781205053, -0.055869263943303334, -0.05403102139481908, -0.05217975391009914, -0.05031511048940519, -0.04843674961947834, -0.04654432030058024, -0.04491078174813504, -0.04326643335239736, -0.041611056924340695, -0.03994443427493851, -0.03826634721516428, -0.03657657755599148, -0.034874911851633286, -0.033195515657699896, -0.031504275594217895, -0.02980098770187987, -0.02808544327813872, -0.02632589581963486, -0.02455321907362176, -0.022767180621353775, -0.020967576503523506, -0.019154179044625005, -0.01909062911902936, -0.019015524661507237, -0.018928988996291016, -0.018831164420571908, -0.018722183745061717, -0.018602179780472242, -0.018446791247667845, -0.018276489969224343, -0.018091522593606506, -0.01789209782336145, -0.017701998262380537, -0.0175007141421703, -0.017288387759921947, -0.017065189872264935, -0.01683127226286989, -0.016586796201886852, -0.016331913472986452, -0.016066775859839316, -0.01579156360555431, -0.015506409520843237, -0.015211474875856135, -0.014906930427222463, -0.014592927958612842, -0.014269619253697905, -0.01393716558262769, -0.01359572821555224, -0.013228554029826098, -0.01285187439172694, -0.012465869544363635, -0.012070767163242124, -0.011666899275141902, -0.011254597906842469, -0.010853471611292949, -0.01044525891562103, -0.010030244414209136, -0.009608712701439698, -0.009180967344653967, -0.008747283451754953, -0.008307955103604497, -0.007863276381064441, -0.007391997570247001, -0.006915482222792929, -0.006434090824919965, -0.005948136430448776, -0.00545795106615886, -0.004963876245309125, -0.004466243994679072, -0.003965386341048194, -0.0034616258247165744, -0.0029553134454225385, -0.0024467812299455824, -0.0019363422321063749, -0.0014536417000742526, -0.0009698312499506703, -0.0004851954761180537, 0.0]
tips = [4, 0.0, 0.0, 0.0, 0.0, 0.0, 0.0, 0.0, 0.0, 0.0, 0.0, 0.0, 0.0, 0.0, 0.0, 0.0, 0.0, 0.0, 0.0, 0.0, 0.0, 0.0, 0.0, 0.0, 0.0, 0.0, 0.0, 0.0, 0.0, 0.0, 0.0, 0.0, 0.0, 0.0, 0.0, 0.0, 0.0, 0.0, 0.0, 0.0, 0.0, 0.0, 0.0, 0.0, 0.0, 0.0, 0.0, 0.0, 0.0, 0.0, 0.0, 0.0, 0.0, 0.0, 0.0, 0.0, 0.0, 0.0, 0.0, 0.0, 0.0, 0.0, 0.0, 0.0, 0.0, 0.0, 0.0, 0.0, 0.0, 0.0, 0.0, 0.0, 0.0, 0.0, 0.0, 0.0, 0.0, 0.0, 0.0, 0.0, 0.0, 0.0, 0.0, 0.0, 0.0, 0.0, 0.0, 0.0, 0.0, 0.0, 0.0, 4.0, 4.0, 4.0, 0.0, 0.0, 0.0, 0.0, 0.0, 0.0, 0.0, 0.0, 0.0, 0.0, 0.0, 0.0, 0.0, 0.0, 0.0, 0.0, 0.0, 0.0, 0.0, 0.0, 0.0, 0.0, 0.0, 0.0, 0.0, 0.0, 0.0, 0.0, 0.0, 0.0, 0.0, 0.0, 0.0, 0.0, 0.0, 0.0, 0.0, 0.0, 0.0, 0.0, 0.0, 0.0, 0.0, 0.0, 0.0, 0.0, 0.0, 0.0, 0.0, 0.0, 0.0, 0.0, 0.0, 0.0, 0.0, 0.0, 0.0, 0.0, 0.0, 0.0, 0.0, 0.0, 0.0, 0.0, 0.0, 0.0, 0.0, 0.0, 0.0, 0.0, 0.0, 0.0, 0.0, 0.0, 0.0, 0.0, 0.0, 0.0, 0.0, 0.0, 0.0, 0.0, 0.0, 0.0, 0.0, 0.0, 0.0, 0.0, 0.0, 0.0, 0.0, 0.0, 0.0, 0.0, 0.0, 0.0, 0.0, 0.0, 0.0, 4.0, 0.0, 0.0, 0.0, 0.0, 0.0, 0.0, 0.0, 0.0, 0.0, 0.0, 0.0, 0.0, 0.0, 0.0, 0.0, 0.0, 0.0, 0.0, 0.0, 0.0, 0.0, 0.0, 0.0, 0.0, 0.0, 0.0, 0.0, 0.0, 0.0, 0.0, 0.0, 0.0, 0.0, 0.0, 0.0, 0.0, 0.0, 0.0, 0.0, 0.0, 0.0, 0.0, 0.0, 0.0, 0.0, 0.0, 0.0, 0.0, 0.0, 0.0, 0.0, 0.0, 0.0, 0.0, 0.0, 0.0, 0.0, 0.0, 0.0, 0.0, 0.0, 0.0, 0.0, 0.0, 0.0, 0.0, 0.0, 0.0, 0.0, 0.0, 0.0, 0.0, 0.0, 0.0, 0.0, 0.0, 0.0, 0.0, 0.0, 0.0, 0.0, 0.0, 0.0, 0.0, 0.0, 0.0, 0.0, 0.0, 0.0, 0.0, 0.0, 0.0, 0.0, 0.0, 0.0, 0.0, 0.0, 0.0, 0.0, 0.0, 0.0, 0.0, 0.0, 0.0, 0.0, 0.0, 0.0, 0.0, 0.0, 4]
nameroot = Root.dxf
nametip = Tip.dxf

[Transform]
croot = 71.3
ctip = 50.3
incidenceroot = 0.0
thicknessroot = 100.0
tethicknessroot = 0.0
vinvertroot = 0
incidencetip = 0.0
thicknesstip = 100.0
tethicknesstip = 0.0
vinverttip = 0
covering = 0.0
smooth = 1
nbrpoints = 101
repartition = 1.0
reducepoints = 0

[Bloc]
bloclx = 535.0
blochz = 50.0
fleading = 0.0
ftrailing = -21.0
mleading = 5.0
mtrailing = 10.0
cbcutboth = 0
cbrotdelta = 0
rbleftwing = 0
rbrightwing = 1
rbtabletoblockleft = 0
rbtabletoblockright = 1
bloctotableleft = 165.0
bloctotableright = 150.0
bloctotabletrailingroot = 10.0
hoffset = 0.0
hprofileroot = 20.0
hprofiletip = 20.0
cbalignprofiles = 1
angleinroot = 0.0
angleintip = 0.0
angleoutroot = 0.0
angleouttip = 0.0
gbextracutcmdsactive = 0
extracutcommands = X; LE;=; 0;=; 0;=; 8;=; 1;=; 8;=; 2;=; 10;=
	L; TE;=; 90;=; 5;=

[Material]
mspeednorm = 3.5
mspeedhalf = 1.8
mspeedmin = 0.5
mspeedmax = 6.0
mradspnorm = 1.0
mradsphalf = 3.0
mheatspnorm = 80.0
mname = Yellow foam 40 kg/m3
mhotwire = NiCr, 800 mm x 0.3 mm, 24 V

[Table]
tableyy = 850.0
tableyg = 0.0
tableyd = 0.0
maxdiag = 1000.0
cmaxy = 660.0
cmaxz = 360.0
vmaxy = 35.0
vmaxz = 35.0
theatingmax = 100.0
tsvaluemin = 0.0
tsvaluemax = 1000.0
tname = My CNC
tcomport = Select port
tbaudrate = 115200
tpreheat = 4.0
tpostheat = 4.0
vcut = 3.5
gcodestart1 = 
gcodestart2 = 
gcodestart3 = 
gcodestart4 = 
gcodeend1 = 
gcodeend2 = 
gcodeend3 = 
gcodeend4 = 
gcodeletters = XYAZ

[Cut]
vcut = 3.5
vheat = 80.0
vusefoamparam = 1

[Guillotine]
gcuttingspeed = 3.5
gheating = 80.0
gusefoamparam = 1

