[Profil]
rootx = [1.0, 1.0, 0.49105575939261137, 0.49105575939261137, 0.4960685738850246, 0.4960685738850246, 0.27008066766593625, 0.27008066766593625, 0.2755956413492088, 0.28111032066791425, 0.28662465210122245, 0.29213866240954844, 0.2976523248324771, 0.3031656126095933, 0.3086785257408969, 0.31419103746597277, 0.319703147784821, 0.3252148566974415, 0.33072611068300395, 0.3362369097415083, 0.3417472538729546, 0.34725708955651247, 0.35276641679218196, 0.3582768144444586, 0.36378667688843164, 0.3692959238428556, 0.3748045820681455, 0.3803125980434711, 0.38464050646975856, 0.38896795996898786, 0.39329498530157436, 0.3976215557071028, 0.4019476444251579, 0.40627325145573984, 0.4105983500384333, 0.41492291341282317, 0.41924734298513716, 0.42357123734914753, 0.42789451622360875, 0.43221715284810563, 0.4365399500350936, 0.4408620782117021, 0.44518348385710066, 0.44950411345045904, 0.45296011402934033, 0.4564155258790877, 0.45987045604136173, 0.4633247974745019, 0.4667784966576777, 0.47023235640334454, 0.4736855203782167, 0.4771379885822942, 0.48058970749474667, 0.4840406771155741, 0.4840406771155741, 0.2571155408756243, 0.2571155408756243, 0.2618444541233893, 0.2665731265274176, 0.2665731265274176, 0.21045246831111916, 0.21045246831111916, 0.22840067877257897, 0.22840067877257897, 0.10575236398831661, 0.10575236398831661, 0.10705310079888403, 0.10834239753196184, 0.10961543731281759, 0.11086745678754917, 0.11209375950329244, 0.11328976273894777, 0.11445099081507622, 0.115573095164211, 0.11665187440116881, 0.1176832877032574, 0.1186634681904832, 0.11958876306617412, 0.12045570685656429, 0.12126104817120928, 0.12200177646340134, 0.12267510864996167, 0.12327854263207094, 0.12380980377443881, 0.12426689842613435, 0.12464814068100119, 0.12495208547661958, 0.12517759549534438, 0.1253238277840974, 0.12539024713457503, 0.12537658594262546, 0.12528291110928663, 0.12510955713974833, 0.12485719304439007, 0.12452674205753554, 0.12411946191869822, 0.12363685121112822, 0.1230807430232654, 0.12245321128728623, 0.12175659753951898, 0.12099351092044375, 0.12016681479448482, 0.11927958660938796, 0.11833517141705069, 0.11733708821206923, 0.11628908345256882, 0.1151950641591658, 0.11405915143579796, 0.11288556004785619, 0.11167871884405282, 0.11044312357413817, 0.10918340378993845, 0.10790427601462917, 0.10661053705263142, 0.10530701046878146, 0.10399859341905729, 0.10269017636933313, 0.10138665647558695, 0.10009291082348541, 0.09881378304817613, 0.0975540699540802, 0.09631847468416556, 0.09511162679025839, 0.09393804209242042, 0.09280212267894877, 0.09170810338554576, 0.09066009862604535, 0.08966201542106389, 0.08871760022872661, 0.08783037873373355, 0.08700368260777464, 0.0862405959886994, 0.08554398224093215, 0.08491644381484918, 0.08436033562698636, 0.08387773160952015, 0.08347044478057905, 0.0831400004838283, 0.08288762969836623, 0.08271428241893174, 0.08262060089548913, 0.08260693970353956, 0.08267335236391339, 0.0828195913427702, 0.083045101361495, 0.08334904615711339, 0.08373028172187644, 0.08418738975377955, 0.08471865089614743, 0.0853220781881529, 0.08599541706481705, 0.0867361386669053, 0.0875414799815503, 0.08840841708183667, 0.08933371864763137, 0.09031390582496097, 0.09134531912704957, 0.09242409836400738, 0.09354619602303836, 0.09470742409916683, 0.09590342733482214, 0.09712973005056541, 0.09838174952529699, 0.09965478930615275, 0.10094409272933436, 0.10224482284979797, 0.10224482284979797, 0.0, 0.0, 0.2069449271726005, 0.2069449271726005, 0.1858996803414886, 0.1858996803414886, 0.5576990410244658, 0.5576990410244658, 0.49807084166964866, 0.49807084166964866, 0.5041064392302549, 0.5101424114366736, 0.5161785977264137, 0.522215105141136, 0.5282518801600101, 0.5342888692622058, 0.5403261259685531, 0.5463635967582219, 0.5524012816312122, 0.5584391805875238, 0.5659867951266501, 0.5735347307907585, 0.5810829875798491, 0.5886314584522611, 0.5961815349495839, 0.603731932571889, 0.611282490756685, 0.6188332630248026, 0.626887933910766, 0.6349427653592206, 0.6429978644118269, 0.6510531240269244, 0.6591085977253432, 0.6671642319862533, 0.6752200268096543, 0.6832759821955465, 0.69133215166476, 0.6993884281756344, 0.707445346936473, 0.7155024262598028, 0.7235596126247932, 0.7316169060314444, 0.7396744135214169, 0.7489695902134806, 0.7582649274680355, 0.7675604788059117, 0.7768561371854487, 0.7861520096483071, 0.7954479356319959, 0.8047440221781758, 0.8140402157660164, 0.823336569916348, 0.8326330311083404, 0.8419295993419935, 0.8512262210964769, 0.8605230034134516, 0.8698198392512564, 0.8791167821307221, 0.8884137785310181, 0.8977108819729748, 0.9070079854149314, 0.9163053029402096, 0.925602513423827, 0.9348998309491052, 0.9441998245159015, 0.9534997110410369, 0.962799704607833, 0.9720996981746293, 0.9813997987830861, 0.9906998993915431, 1.0]
rooty = [0.0, 0.10068134057530825, 0.10068134057530825, 0.012251470003126687, 0.01199437934943718, -0.004544893580251327, -0.004544893580251327, 0.019331508170436443, 0.019666331140121066, 0.02000633225014309, 0.02035161519711133, 0.020702276987530823, 0.02105842131801039, 0.021420155230210753, 0.021787595800948325, 0.022160863452091416, 0.022540085295612137, 0.022925385098430694, 0.023316886627467295, 0.023714743755109232, 0.024119107008691888, 0.02453012691555066, 0.024947960693124726, 0.02537288932577348, 0.025804983059586773, 0.026244432562522766, 0.026691431847591516, 0.027146178272854975, 0.027509099678478963, 0.027877048697104962, 0.028250139060497486, 0.028628487845472946, 0.029012215473899657, 0.029401459092905417, 0.02979635250456613, 0.03019703285600959, 0.030603690815193964, 0.031016440113883763, 0.031435451349725765, 0.03186089177531484, 0.03229301226954332, 0.0327319299092276, 0.03317784874253344, 0.03363097616267849, 0.03399879472428048, 0.03437147699134151, 0.03474917014614505, 0.035132021370974605, 0.03552018119316556, 0.03591390383666213, 0.036313343173851605, 0.03671873335836681, 0.037130305198788675, 0.03754828950369813, 0.060344617482343745, 0.060344617482343745, 0.01856431382763103, 0.018840946274505985, 0.019121221482897365, -0.004544893580251327, -0.004544893580251327, 0.012992812112341936, 0.012992812112341936, 0.09542002886753027, 0.09542002886753027, 0.07465353859124825, 0.07450638306817152, 0.07427995650522679, 0.07397511523569986, 0.07359298988713206, 0.07313501883183937, 0.07260290804628952, 0.07199866456162105, 0.0713245295626053, 0.0705830452886844, 0.06977697475272573, 0.06890933519154088, 0.06798338468567805, 0.0670025820187993, 0.06597060005788813, 0.06489129899283431, 0.06376871964633007, 0.06260706340355873, 0.061410685522090884, 0.06018405499126166, 0.058931767912378266, 0.057658514048201076, 0.05636905675263218, 0.055068219590507846, 0.05376087295739089, 0.05245191400925932, 0.05114623321198734, 0.04984873441165675, 0.048564261243415195, 0.04729762389189135, 0.04605356564067592, 0.04483674280201028, 0.043651711336578906, 0.04250290009309413, 0.041394617498399996, 0.04033100807179755, 0.03931605577009678, 0.038353553882149484, 0.03744711171895313, 0.03660012116313181, 0.035815746633780614, 0.03509693177656937, 0.03444636266817182, 0.03386647785142125, 0.03335944157489539, 0.03292716051817583, 0.0325712436512253, 0.032293032339854706, 0.03209356020510039, 0.031973579883639296, 0.0319335329223219, 0.031973579883639296, 0.03209356020510039, 0.032293032339854706, 0.0325712436512253, 0.03292716051817583, 0.03335944157489539, 0.03386647785142125, 0.03444636266817182, 0.03509693177656937, 0.035815746633780614, 0.03660012116313181, 0.03744711171895313, 0.038353553882149484, 0.03931605577009678, 0.04033100807179755, 0.041394617498399996, 0.04250290009309413, 0.043651711336578906, 0.04483674280201028, 0.04605356564067592, 0.04729762389189135, 0.048564261243415195, 0.04984873441165675, 0.05114623321198734, 0.05245191400925932, 0.05376087295739089, 0.055068219590507846, 0.05636905675263218, 0.057658514048201076, 0.058931767912378266, 0.06018405499126166, 0.061410685522090884, 0.06260706340355873, 0.06376871964633007, 0.06489129899283431, 0.06597060005788813, 0.0670025820187993, 0.06798338468567805, 0.06890933519154088, 0.06977697475272573, 0.0705830452886844, 0.0713245295626053, 0.07199866456162105, 0.07260290804628952, 0.07313501883183937, 0.07359298988713206, 0.07397511523569986, 0.07427995650522679, 0.07450638306817152, 0.07465353859124825, 0.09542002886753027, 0.09542002886753027, 0.012992812112341936, 0.012992812112341936, -0.004544893580251327, -0.004544893580251327, -0.015067516995807285, -0.015067516995807285, -0.004544893580251327, -0.004544893580251327, 0.011892925597910633, 0.011591283870523692, 0.011295778640842795, 0.011006249346376859, 0.0107225387696867, 0.010444486348281238, 0.010171938209773182, 0.009904752189456889, 0.00964278779515266, 0.009385904534680802, 0.009133966933439461, 0.008825787302118773, 0.008524873123519548, 0.008230981881379214, 0.007943872731961153, 0.0076632563282762215, 0.007388963745203597, 0.007120777554369938, 0.006858481999927854, 0.00658491027553915, 0.00631759714325075, 0.0060564639943430625, 0.005801433892622443, 0.00555242655684335, 0.00530938010354568, 0.00507225773715856, 0.004841005936851628, 0.004615572854320475, 0.004395909986312583, 0.004181957121893798, 0.003973679138019196, 0.0037710358940660064, 0.0035739855768855094, 0.0033824847008030374, 0.0031684063969380947, 0.002961600235898412, 0.002762014369379577, 0.0025695986216031264, 0.0023842994717387, 0.0022060684165337834, 0.002034855280209913, 0.0018706082144626772, 0.0017132904237212028, 0.0015628684574665143, 0.0014193038476017904, 0.0012825614710821067, 0.00115260453233659, 0.001029399580846265, 0.0009129114935662074, 0.0008031151826071859, 0.0006999872326059175, 0.0006035075732510168, 0.0005136527891792013, 0.0004304011375531368, 0.00035372753048359176, 0.00028359517239969314, 0.00022001242593118483, 0.00016297092844832302, 0.00011245897226946624, 6.846652223892191e-05, 3.098354320099737e-05, 0.0]
roots = [4, 4.0, 4.0, 4.0, 4.0, 0.0, 0.0, 4.0, 0.0, 0.0, 0.0, 0.0, 0.0, 0.0, 0.0, 0.0, 0.0, 0.0, 0.0, 0.0, 0.0, 0.0, 0.0, 0.0, 0.0, 0.0, 0.0, 0.0, 0.0, 0.0, 0.0, 0.0, 0.0, 0.0, 0.0, 0.0, 0.0, 0.0, 0.0, 0.0, 0.0, 0.0, 0.0, 0.0, 0.0, 0.0, 0.0, 0.0, 0.0, 0.0, 0.0, 0.0, 0.0, 4.0, 4.0, 4.0, 4.0, 0.0, 4.0, 0.0, 0.0, 4.0, 4.0, 4.0, 4.0, 4.0, 0.0, 0.0, 0.0, 0.0, 0.0, 0.0, 0.0, 0.0, 0.0, 0.0, 0.0, 0.0, 0.0, 0.0, 0.0, 0.0, 0.0, 0.0, 0.0, 0.0, 0.0, 0.0, 0.0, 0.0, 0.0, 0.0, 0.0, 0.0, 0.0, 0.0, 0.0, 0.0, 0.0, 0.0, 0.0, 0.0, 0.0, 0.0, 0.0, 0.0, 0.0, 0.0, 0.0, 0.0, 0.0, 0.0, 0.0, 0.0, 0.0, 0.0, 0.0, 0.0, 0.0, 0.0, 0.0, 0.0, 0.0, 0.0, 0.0, 0.0, 0.0, 0.0, 0.0, 0.0, 0.0, 0.0, 0.0, 0.0, 0.0, 0.0, 0.0, 0.0, 0.0, 0.0, 0.0, 0.0, 0.0, 0.0, 0.0, 0.0, 0.0, 0.0, 0.0, 0.0, 0.0, 0.0, 0.0, 0.0, 0.0, 0.0, 0.0, 0.0, 0.0, 0.0, 0.0, 0.0, 0.0, 0.0, 0.0, 4.0, 4.0, 4.0, 4.0, 4.0, 0.0, 0.0, 0.0, 0.0, 0.0, 0.0, 4.0, 0.0, 0.0, 0.0, 0.0, 0.0, 0.0, 0.0, 0.0, 0.0, 0.0, 0.0, 0.0, 0.0, 0.0, 0.0, 0.0, 0.0, 0.0, 0.0, 0.0, 0.0, 0.0, 0.0, 0.0, 0.0, 0.0, 0.0, 0.0, 0.0, 0.0, 0.0, 0.0, 0.0, 0.0, 0.0, 0.0, 0.0, 0.0, 0.0, 0.0, 0.0, 0.0, 0.0, 0.0, 0.0, 0.0, 0.0, 0.0, 0.0, 0.0, 0.0, 0.0, 0.0, 0.0, 0.0, 0.0, 0.0, 0.0, 0.0, 0.0, 4]
tipx = [1.0, 1.0, 0.49105575939261137, 0.49105575939261137, 0.4960685738850246, 0.4960685738850246, 0.27008066766593625, 0.27008066766593625, 0.2755956413492088, 0.28111032066791425, 0.28662465210122245, 0.29213866240954844, 0.2976523248324771, 0.3031656126095933, 0.3086785257408969, 0.31419103746597277, 0.319703147784821, 0.3252148566974415, 0.33072611068300395, 0.3362369097415083, 0.3417472538729546, 0.34725708955651247, 0.35276641679218196, 0.3582768144444586, 0.36378667688843164, 0.3692959238428556, 0.3748045820681455, 0.3803125980434711, 0.38464050646975856, 0.38896795996898786, 0.39329498530157436, 0.3976215557071028, 0.4019476444251579, 0.40627325145573984, 0.4105983500384333, 0.41492291341282317, 0.41924734298513716, 0.42357123734914753, 0.42789451622360875, 0.43221715284810563, 0.4365399500350936, 0.4408620782117021, 0.44518348385710066, 0.44950411345045904, 0.45296011402934033, 0.4564155258790877, 0.45987045604136173, 0.4633247974745019, 0.4667784966576777, 0.47023235640334454, 0.4736855203782167, 0.4771379885822942, 0.48058970749474667, 0.4840406771155741, 0.4840406771155741, 0.2571155408756243, 0.2571155408756243, 0.2618444541233893, 0.2665731265274176, 0.2665731265274176, 0.21045246831111916, 0.21045246831111916, 0.22840067877257897, 0.22840067877257897, 0.10575236398831661, 0.10575236398831661, 0.10705310079888403, 0.10834239753196184, 0.10961543731281759, 0.11086745678754917, 0.11209375950329244, 0.11328976273894777, 0.11445099081507622, 0.115573095164211, 0.11665187440116881, 0.1176832877032574, 0.1186634681904832, 0.11958876306617412, 0.12045570685656429, 0.12126104817120928, 0.12200177646340134, 0.12267510864996167, 0.12327854263207094, 0.12380980377443881, 0.12426689842613435, 0.12464814068100119, 0.12495208547661958, 0.12517759549534438, 0.1253238277840974, 0.12539024713457503, 0.12537658594262546, 0.12528291110928663, 0.12510955713974833, 0.12485719304439007, 0.12452674205753554, 0.12411946191869822, 0.12363685121112822, 0.1230807430232654, 0.12245321128728623, 0.12175659753951898, 0.12099351092044375, 0.12016681479448482, 0.11927958660938796, 0.11833517141705069, 0.11733708821206923, 0.11628908345256882, 0.1151950641591658, 0.11405915143579796, 0.11288556004785619, 0.11167871884405282, 0.11044312357413817, 0.10918340378993845, 0.10790427601462917, 0.10661053705263142, 0.10530701046878146, 0.10399859341905729, 0.10269017636933313, 0.10138665647558695, 0.10009291082348541, 0.09881378304817613, 0.0975540699540802, 0.09631847468416556, 0.09511162679025839, 0.09393804209242042, 0.09280212267894877, 0.09170810338554576, 0.09066009862604535, 0.08966201542106389, 0.08871760022872661, 0.08783037873373355, 0.08700368260777464, 0.0862405959886994, 0.08554398224093215, 0.08491644381484918, 0.08436033562698636, 0.08387773160952015, 0.08347044478057905, 0.0831400004838283, 0.08288762969836623, 0.08271428241893174, 0.08262060089548913, 0.08260693970353956, 0.08267335236391339, 0.0828195913427702, 0.083045101361495, 0.08334904615711339, 0.08373028172187644, 0.08418738975377955, 0.08471865089614743, 0.0853220781881529, 0.08599541706481705, 0.0867361386669053, 0.0875414799815503, 0.08840841708183667, 0.08933371864763137, 0.09031390582496097, 0.09134531912704957, 0.09242409836400738, 0.09354619602303836, 0.09470742409916683, 0.09590342733482214, 0.09712973005056541, 0.09838174952529699, 0.09965478930615275, 0.10094409272933436, 0.10224482284979797, 0.10224482284979797, 0.0, 0.0, 0.2069449271726005, 0.2069449271726005, 0.1858996803414886, 0.1858996803414886, 0.5576990410244658, 0.5576990410244658, 0.49807084166964866, 0.49807084166964866, 0.5041064392302549, 0.5101424114366736, 0.5161785977264137, 0.522215105141136, 0.5282518801600101, 0.5342888692622058, 0.5403261259685531, 0.5463635967582219, 0.5524012816312122, 0.5584391805875238, 0.5659867951266501, 0.5735347307907585, 0.5810829875798491, 0.5886314584522611, 0.5961815349495839, 0.603731932571889, 0.611282490756685, 0.6188332630248026, 0.626887933910766, 0.6349427653592206, 0.6429978644118269, 0.6510531240269244, 0.6591085977253432, 0.6671642319862533, 0.6752200268096543, 0.6832759821955465, 0.69133215166476, 0.6993884281756344, 0.707445346936473, 0.7155024262598028, 0.7235596126247932, 0.7316169060314444, 0.7396744135214169, 0.7489695902134806, 0.7582649274680355, 0.7675604788059117, 0.7768561371854487, 0.7861520096483071, 0.7954479356319959, 0.8047440221781758, 0.8140402157660164, 0.823336569916348, 0.8326330311083404, 0.8419295993419935, 0.8512262210964769, 0.8605230034134516, 0.8698198392512564, 0.8791167821307221, 0.8884137785310181, 0.8977108819729748, 0.9070079854149314, 0.9163053029402096, 0.925602513423827, 0.9348998309491052, 0.9441998245159015, 0.9534997110410369, 0.962799704607833, 0.9720996981746293, 0.9813997987830861, 0.9906998993915431, 1.0]
tipy = [0.0, 0.10068134057530825, 0.10068134057530825, 0.012251470003126687, 0.01199437934943718, -0.004544893580251327, -0.004544893580251327, 0.019331508170436443, 0.019666331140121066, 0.02000633225014309, 0.02035161519711133, 0.020702276987530823, 0.02105842131801039, 0.021420155230210753, 0.021787595800948325, 0.022160863452091416, 0.022540085295612137, 0.022925385098430694, 0.023316886627467295, 0.023714743755109232, 0.024119107008691888, 0.02453012691555066, 0.024947960693124726, 0.02537288932577348, 0.025804983059586773, 0.026244432562522766, 0.026691431847591516, 0.027146178272854975, 0.027509099678478963, 0.027877048697104962, 0.028250139060497486, 0.028628487845472946, 0.029012215473899657, 0.029401459092905417, 0.02979635250456613, 0.03019703285600959, 0.030603690815193964, 0.031016440113883763, 0.031435451349725765, 0.03186089177531484, 0.03229301226954332, 0.0327319299092276, 0.03317784874253344, 0.03363097616267849, 0.03399879472428048, 0.03437147699134151, 0.03474917014614505, 0.035132021370974605, 0.03552018119316556, 0.03591390383666213, 0.036313343173851605, 0.03671873335836681, 0.037130305198788675, 0.03754828950369813, 0.060344617482343745, 0.060344617482343745, 0.01856431382763103, 0.018840946274505985, 0.019121221482897365, -0.004544893580251327, -0.004544893580251327, 0.012992812112341936, 0.012992812112341936, 0.09542002886753027, 0.09542002886753027, 0.07465353859124825, 0.07450638306817152, 0.07427995650522679, 0.07397511523569986, 0.07359298988713206, 0.07313501883183937, 0.07260290804628952, 0.07199866456162105, 0.0713245295626053, 0.0705830452886844, 0.06977697475272573, 0.06890933519154088, 0.06798338468567805, 0.0670025820187993, 0.06597060005788813, 0.06489129899283431, 0.06376871964633007, 0.06260706340355873, 0.061410685522090884, 0.06018405499126166, 0.058931767912378266, 0.057658514048201076, 0.05636905675263218, 0.055068219590507846, 0.05376087295739089, 0.05245191400925932, 0.05114623321198734, 0.04984873441165675, 0.048564261243415195, 0.04729762389189135, 0.04605356564067592, 0.04483674280201028, 0.043651711336578906, 0.04250290009309413, 0.041394617498399996, 0.04033100807179755, 0.03931605577009678, 0.038353553882149484, 0.03744711171895313, 0.03660012116313181, 0.035815746633780614, 0.03509693177656937, 0.03444636266817182, 0.03386647785142125, 0.03335944157489539, 0.03292716051817583, 0.0325712436512253, 0.032293032339854706, 0.03209356020510039, 0.031973579883639296, 0.0319335329223219, 0.031973579883639296, 0.03209356020510039, 0.032293032339854706, 0.0325712436512253, 0.03292716051817583, 0.03335944157489539, 0.03386647785142125, 0.03444636266817182, 0.03509693177656937, 0.035815746633780614, 0.03660012116313181, 0.03744711171895313, 0.038353553882149484, 0.03931605577009678, 0.04033100807179755, 0.041394617498399996, 0.04250290009309413, 0.043651711336578906, 0.04483674280201028, 0.04605356564067592, 0.04729762389189135, 0.048564261243415195, 0.04984873441165675, 0.05114623321198734, 0.05245191400925932, 0.05376087295739089, 0.055068219590507846, 0.05636905675263218, 0.057658514048201076, 0.058931767912378266, 0.06018405499126166, 0.061410685522090884, 0.06260706340355873, 0.06376871964633007, 0.06489129899283431, 0.06597060005788813, 0.0670025820187993, 0.06798338468567805, 0.06890933519154088, 0.06977697475272573, 0.0705830452886844, 0.0713245295626053, 0.07199866456162105, 0.07260290804628952, 0.07313501883183937, 0.07359298988713206, 0.07397511523569986, 0.07427995650522679, 0.07450638306817152, 0.07465353859124825, 0.09542002886753027, 0.09542002886753027, 0.012992812112341936, 0.012992812112341936, -0.004544893580251327, -0.004544893580251327, -0.015067516995807285, -0.015067516995807285, -0.004544893580251327, -0.004544893580251327, 0.011892925597910633, 0.011591283870523692, 0.011295778640842795, 0.011006249346376859, 0.0107225387696867, 0.010444486348281238, 0.010171938209773182, 0.009904752189456889, 0.00964278779515266, 0.009385904534680802, 0.009133966933439461, 0.008825787302118773, 0.008524873123519548, 0.008230981881379214, 0.007943872731961153, 0.0076632563282762215, 0.007388963745203597, 0.007120777554369938, 0.006858481999927854, 0.00658491027553915, 0.00631759714325075, 0.0060564639943430625, 0.005801433892622443, 0.00555242655684335, 0.00530938010354568, 0.00507225773715856, 0.004841005936851628, 0.004615572854320475, 0.004395909986312583, 0.004181957121893798, 0.003973679138019196, 0.0037710358940660064, 0.0035739855768855094, 0.0033824847008030374, 0.0031684063969380947, 0.002961600235898412, 0.002762014369379577, 0.0025695986216031264, 0.0023842994717387, 0.0022060684165337834, 0.002034855280209913, 0.0018706082144626772, 0.0017132904237212028, 0.0015628684574665143, 0.0014193038476017904, 0.0012825614710821067, 0.00115260453233659, 0.001029399580846265, 0.0009129114935662074, 0.0008031151826071859, 0.0006999872326059175, 0.0006035075732510168, 0.0005136527891792013, 0.0004304011375531368, 0.00035372753048359176, 0.00028359517239969314, 0.00022001242593118483, 0.00016297092844832302, 0.00011245897226946624, 6.846652223892191e-05, 3.098354320099737e-05, 0.0]
tips = [4, 4.0, 4.0, 4.0, 4.0, 0.0, 0.0, 4.0, 0.0, 0.0, 0.0, 0.0, 0.0, 0.0, 0.0, 0.0, 0.0, 0.0, 0.0, 0.0, 0.0, 0.0, 0.0, 0.0, 0.0, 0.0, 0.0, 0.0, 0.0, 0.0, 0.0, 0.0, 0.0, 0.0, 0.0, 0.0, 0.0, 0.0, 0.0, 0.0, 0.0, 0.0, 0.0, 0.0, 0.0, 0.0, 0.0, 0.0, 0.0, 0.0, 0.0, 0.0, 0.0, 4.0, 4.0, 4.0, 4.0, 0.0, 4.0, 0.0, 0.0, 4.0, 4.0, 4.0, 4.0, 4.0, 0.0, 0.0, 0.0, 0.0, 0.0, 0.0, 0.0, 0.0, 0.0, 0.0, 0.0, 0.0, 0.0, 0.0, 0.0, 0.0, 0.0, 0.0, 0.0, 0.0, 0.0, 0.0, 0.0, 0.0, 0.0, 0.0, 0.0, 0.0, 0.0, 0.0, 0.0, 0.0, 0.0, 0.0, 0.0, 0.0, 0.0, 0.0, 0.0, 0.0, 0.0, 0.0, 0.0, 0.0, 0.0, 0.0, 0.0, 0.0, 0.0, 0.0, 0.0, 0.0, 0.0, 0.0, 0.0, 0.0, 0.0, 0.0, 0.0, 0.0, 0.0, 0.0, 0.0, 0.0, 0.0, 0.0, 0.0, 0.0, 0.0, 0.0, 0.0, 0.0, 0.0, 0.0, 0.0, 0.0, 0.0, 0.0, 0.0, 0.0, 0.0, 0.0, 0.0, 0.0, 0.0, 0.0, 0.0, 0.0, 0.0, 0.0, 0.0, 0.0, 0.0, 0.0, 0.0, 0.0, 0.0, 0.0, 0.0, 4.0, 4.0, 4.0, 4.0, 4.0, 0.0, 0.0, 0.0, 0.0, 0.0, 0.0, 4.0, 0.0, 0.0, 0.0, 0.0, 0.0, 0.0, 0.0, 0.0, 0.0, 0.0, 0.0, 0.0, 0.0, 0.0, 0.0, 0.0, 0.0, 0.0, 0.0, 0.0, 0.0, 0.0, 0.0, 0.0, 0.0, 0.0, 0.0, 0.0, 0.0, 0.0, 0.0, 0.0, 0.0, 0.0, 0.0, 0.0, 0.0, 0.0, 0.0, 0.0, 0.0, 0.0, 0.0, 0.0, 0.0, 0.0, 0.0, 0.0, 0.0, 0.0, 0.0, 0.0, 0.0, 0.0, 0.0, 0.0, 0.0, 0.0, 0.0, 0.0, 4]
nameroot = 136_v2.dxf
nametip = 136_v2.dxf

[Transform]
croot = 285.1
ctip = 285.1
incidenceroot = 0.0
thicknessroot = 100.0
tethicknessroot = 0.0
vinvertroot = 0
incidencetip = 0.0
thicknesstip = 100.0
tethicknesstip = 0.0
vinverttip = 0
covering = 0.0
smooth = 1
nbrpoints = 201
repartition = 1.0
reducepoints = 0

[Bloc]
bloclx = 136.0
blochz = 50.0
fleading = 0.0
ftrailing = 0.0
mleading = 5.0
mtrailing = 10.0
cbcutboth = 0
cbrotdelta = 0
rbleftwing = 1
rbrightwing = 0
rbtabletoblockleft = 0
rbtabletoblockright = 1
bloctotableleft = 709.0
bloctotableright = 10.0
bloctotabletrailingroot = 10.0
hoffset = 0.0
hprofileroot = 10.0
hprofiletip = 10.0
cbalignprofiles = 3
angleinroot = 0.0
angleintip = 0.0
angleoutroot = 0.0
angleouttip = 0.0
gbextracutcmdsactive = 0
extracutcommands = X; LE;=; 0;=; 0;=; 8;=; 1;=; 8;=; 2;=; 10;=
	L; TE;=; 90;=; 5;=

[Material]
mspeednorm = 3.5
mspeedhalf = 1.8
mspeedmin = 0.5
mspeedmax = 6.0
mradspnorm = 1.4
mradsphalf = 3.0
mheatspnorm = 80.0
mname = Yellow foam 40 kg/m3
mhotwire = NiCr, 800 mm x 0.3 mm, 24 V

[Table]
tableyy = 855.0
tableyg = 0.0
tableyd = 0.0
maxdiag = 1000.0
cmaxy = 660.0
cmaxz = 360.0
vmaxy = 60.0
vmaxz = 60.0
theatingmax = 100.0
tsvaluemin = 0.0
tsvaluemax = 1000.0
tname = My CNC
tcomport = Select port
tbaudrate = 115200
tpreheat = 4.0
tpostheat = 4.0
vcut = 3.5
gcodestart1 = 
gcodestart2 = 
gcodestart3 = 
gcodestart4 = 
gcodeend1 = 
gcodeend2 = 
gcodeend3 = 
gcodeend4 = 
gcodeletters = XYAZ

[Cut]
vcut = 3.5
vheat = 80.0
vusefoamparam = 1

[Guillotine]
gcuttingspeed = 3.5
gheating = 80.0
gusefoamparam = 1

