[Profil]
rootx = [1.0, 0.9941717239234009, 0.9883505193763445, 0.9825364649313814, 0.9767294820159611, 0.970929806347735, 0.965137280781602, 0.9596149662165533, 0.9540992517457446, 0.9485903730868271, 0.9430881730947002, 0.9375928874870149, 0.9321043591186705, 0.9266228237073185, 0.9163363411167563, 0.9067288825074009, 0.8970562872537016, 0.8873195767988145, 0.8776060452463175, 0.8679160068864126, 0.8582496974367513, 0.8227250830531502, 0.7910513879408893, 0.7828486493889295, 0.773848006586894, 0.7689484580569118, 0.7640560596290229, 0.7591707327306766, 0.7498640498445402, 0.7410248736337314, 0.7322097406233679, 0.7234188079585507, 0.7185941390691715, 0.7137769345720872, 0.7089671158947477, 0.7041648401822538, 0.699370028862055, 0.6906715760891472, 0.6819982665323914, 0.6733502573368887, 0.6647277842202904, 0.660426251371975, 0.656131082900248, 0.6518424359502104, 0.6475603105218624, 0.6432847066152038, 0.6390156635165097, 0.6348383931567708, 0.626502866994508, 0.6223447290508098, 0.6181175258352439, 0.6138970405727436, 0.6096832339770337, 0.6054761453343894, 0.6012758139310861, 0.5935760575609933, 0.585899362234465, 0.5782458065240518, 0.5740809506272879, 0.5699230876875163, 0.5657722177047371, 0.5616283406789502, 0.5574915351827059, 0.5533617619297293, 0.5492390994925707, 0.54512354787123, 0.5410151463519826, 0.5369139342211037, 0.532819872192318, 0.528733038838176, 0.524653473444953, 0.5205811367263737, 0.5165973119859048, 0.5126205587749785, 0.5086508378073198, 0.5046881490829287, 0.5006607558632212, 0.49664070917698316, 0.492628087596765, 0.4886228911225668, 0.4846251590406637, 0.48062616979795303, 0.47663472352008796, 0.4726508594933438, 0.4686745777177204, 0.4647058781932179, 0.46074483949238676, 0.45679146161522693, 0.4529246314024155, 0.4490651870093488, 0.44521316772230196, 0.4413686128275503, 0.4374618284728223, 0.4335628228005913, 0.42967159581085734, 0.4257882260761709, 0.42191267431025675, 0.4181140450712578, 0.4143229980833798, 0.4105395726328978, 0.4067638472923624, 0.40037417034261796, 0.394006729424658, 0.3876616423973082, 0.38133910569194485, 0.3750391193085678, 0.36876184039227816, 0.3653475094976535, 0.3619399751286449, 0.3585392765715276, 0.3551454138263017, 0.3517584654655176, 0.34837835291662483, 0.3450051547521739, 0.3450051547521739, 0.6704428372516548, 0.6704428372516548, 0.33985582408423104, 0.33985582408423104, 0.33668412522547375, 0.333518633598204, 0.33035938848869706, 0.3272064291832281, 0.32400255486505125, 0.32080522171170145, 0.3176144100800411, 0.3144301592563454, 0.3112524692406144, 0.30808135967598566, 0.3049168698487345, 0.3017589801157232, 0.29860772976322714, 0.29546313843438377, 0.2921352569884194, 0.28881487922102544, 0.2855020444184771, 0.2821967918670496, 0.27889910192360534, 0.27560901387441955, 0.27251390360923794, 0.2694255898696725, 0.26634407265572313, 0.2632693912536651, 0.26020154566349846, 0.2569552618112026, 0.2537167173551285, 0.2504859122952763, 0.24726288591792106, 0.24404765786620053, 0.24084024778325228, 0.2376406556690763, 0.23444890116681022, 0.2312650432058669, 0.22808906214310876, 0.22492099726481093, 0.22176084857097353, 0.21911248218465634, 0.21646973373569814, 0.2138326032240989, 0.21120112993613388, 0.20852762033366462, 0.205860003672481, 0.2031982603094454, 0.20054240988769548, 0.1978924916935064, 0.19522524825193754, 0.19256407453989288, 0.18990895091423485, 0.18725987737496338, 0.18461691285149137, 0.18198001805754355, 0.1793492322793952, 0.1767770223376261, 0.17421068569400502, 0.1716502419916696, 0.1690957108737574, 0.16650083275117622, 0.16391211275223852, 0.1613295508769443, 0.1587531667684312, 0.15618298006983686, 0.1536647298271066, 0.15115247074135008, 0.14864623227727372, 0.14614600461330873, 0.14360652996038137, 0.14107331164678558, 0.13854637913722784, 0.13602573243170807, 0.13351139117336397, 0.1310033750053331, 0.12850168392761552, 0.12600633758334878, 0.12351735561567054, 0.12103472820301199, 0.1184086174916169, 0.11578969616859029, 0.1131779936986386, 0.110573500260193, 0.10797625513952874, 0.10538625833664582, 0.10299435275507969, 0.10060868386970755, 0.09822928114523578, 0.09585613476009561, 0.09344630481545232, 0.09104298657092968, 0.0886462193128029, 0.08625599321950318, 0.08387232793416814, 0.0814952332783666, 0.07912472398445175, 0.07676081969556123, 0.07440352532247943, 0.07205285559755957, 0.0695669723348407, 0.06708856819677018, 0.06461766282648565, 0.06215426604555589, 0.05969839749711855, 0.05725006700274242, 0.05494856405128242, 0.052653788874456854, 0.050365761115403355, 0.04808448077412191, 0.04580997240453455, 0.04340502377958954, 0.04100771879057045, 0.038618067259046075, 0.03623608882815405, 0.03386179823024759, 0.031495210197679896, 0.029136339462804188, 0.02678520075797368, 0.024441808815541588, 0.022106178367861124, 0.019778326602677705, 0.017458267024648446, 0.015515450221499949, 0.013578150684630133, 0.011646378235607806, 0.00972014208215373, 0.007764579338082834, 0.0058147751025745004, 0.00387073704872936, 0.0019324756119642736, 0.0, 1.7094004704623843e-13, 0.13491246742873136, 0.13491246742873136, 0.80432543461817, 0.80432543461817, 0.8867147253052563, 0.8867147253052563, 0.9989701495809216, 0.9989701495809216, 1.0, 1.0]
rooty = [0.0, -0.0003138580528731978, -0.0006295232744073253, -0.0009469956646023824, -0.0012662752234583693, -0.001587440523525761, -0.0019104129922540823, -0.002220460276429233, -0.0025321968704396, -0.002845622774285184, -0.0031608165605164604, -0.0034776996565829537, -0.0037963113487599013, -0.004116651637047304, -0.004723663875743483, -0.005297557784414365, -0.0058822554187755866, -0.0064779139239281, -0.007079426084091015, -0.007686752612989095, -0.008299972083172817, -0.010573940266475661, -0.01277660386022226, -0.01334986918848934, -0.013985953270861346, -0.014335326116549335, -0.014686388272072541, -0.01503921830998144, -0.015717613710784343, -0.016369608734627575, -0.017027418127205974, -0.017691120461070013, -0.018058643565917774, -0.018427973839426466, -0.018799071995320847, -0.019172016606151396, -0.01954672909936764, -0.020232746037566637, -0.020924773775876985, -0.021622890886849162, -0.022327136656758406, -0.022681577431952045, -0.023037550371879954, -0.023395055476542127, -0.023754132032213802, -0.024114780038894983, -0.024476999496585668, -0.024833483158091665, -0.025551007689031218, -0.025912048558464774, -0.026281221686872514, -0.02665196626628976, -0.027024321582991746, -0.027398248350703237, -0.02777380549883709, -0.028468013625423123, -0.029167662901129567, -0.029872812255369276, -0.03025976242332203, -0.030648342971697145, -0.03103859318676986, -0.03143049342540255, -0.03182404368759523, -0.032219283259623116, -0.032616172855210984, -0.033014751760634065, -0.033415000332754755, -0.03381693821471065, -0.03422056540650177, -0.034625881908128105, -0.035032907362727274, -0.035441622127161655, -0.03584383501304422, -0.03624769792248676, -0.03665321085548929, -0.03706037381205179, -0.03747665118446941, -0.037894657152997495, -0.03831439171763602, -0.03873585487838501, -0.039159066278382074, -0.03958494914509529, -0.0400125998941942, -0.040441998882541186, -0.04087318539641148, -0.041306139792667465, -0.04174086207130915, -0.042177371875474136, -0.042606888722646834, -0.043038134165929984, -0.043471108205323586, -0.04390579119769003, -0.04435017790004016, -0.04479637177105122, -0.0452443728107232, -0.045694181019056125, -0.04614581603918759, -0.046591165255281036, -0.04703826271062256, -0.047487147691487396, -0.0479377809116003, -0.04870659367486254, -0.04948055294018091, -0.0502596587075554, -0.05104396990639888, -0.05183348653671133, -0.052628228241630395, -0.05306393267715301, -0.05350122820682275, -0.05394007554436438, -0.05438049433291551, -0.054822504215613764, -0.055266085549321525, -0.0557112579771764, -0.11403921760282848, -0.11403921760282848, -0.14493520161048584, -0.14493520161048584, -0.05639566417809066, -0.05682019166830818, -0.05724613346443425, -0.0576735092096065, -0.05810231890382492, -0.05854040015899941, -0.058979974292632936, -0.05942104130472549, -0.05986360119527707, -0.0603076736074253, -0.06075325854117017, -0.061200336353374074, -0.061648946330312246, -0.06209906882884706, -0.06255070384897853, -0.06303137142651058, -0.06351376760015309, -0.06399787272676843, -0.06448370644949424, -0.06497126876833048, -0.06546055968327719, -0.06592348950753947, -0.06638797113967362, -0.06685398493654206, -0.06732155054128237, -0.06779068759703219, -0.06828995722588925, -0.068790994737132, -0.06929378048762282, -0.06979833412049934, -0.07030465563576155, -0.07081276467654705, -0.07132264159971827, -0.07183430604841279, -0.07234775802263062, -0.07286299752237177, -0.07338002454763622, -0.0738988587415616, -0.07433605605554325, -0.07477454981660774, -0.07521430073847983, -0.07565532846429715, -0.076105706323621, -0.07655740027316534, -0.07701044959920535, -0.07746481501546583, -0.07792051616508439, -0.07838157989127288, -0.07884401863709468, -0.07930781275941219, -0.07977300154450062, -0.08023954570608476, -0.08070746488730221, -0.08117675908815299, -0.08163801924571766, -0.08210061513664041, -0.08256452711778363, -0.08302977483228492, -0.08350484411559563, -0.08398130806167725, -0.08445916667052981, -0.08493841994215331, -0.08541906787654775, -0.08589248713629846, -0.08636726177254488, -0.08684337214214938, -0.08732085753138719, -0.08780840020708582, -0.088297357188693, -0.08878774811934637, -0.08927953371277066, -0.0897727336121035, -0.09026736746048253, -0.09076339597163248, -0.09126087807496623, -0.09175977448420852, -0.092260104842497, -0.0927923160131408, -0.09332613792106932, -0.0938615902094202, -0.09439865323505583, -0.09493734664111382, -0.09547765078445655, -0.09597943473492883, -0.09648263299130964, -0.0969872259104614, -0.09749321349238409, -0.09800986729803378, -0.09852795505272964, -0.09904751604274692, -0.09956855026808561, -0.1000910380856081, -0.10061499913845198, -0.1011404530697549, -0.1016673605932416, -0.10219574135204973, -0.10272561498931689, -0.10328921589387552, -0.10385448646513173, -0.10442144634622319, -0.10499005625087461, -0.10556035546536126, -0.1061323439896831, -0.10667319814087917, -0.10721552552739663, -0.10775938507864838, -0.10830473750835913, -0.10885160245966655, -0.10943325540769686, -0.11001659766556238, -0.11060166851953836, -0.11118844832648718, -0.1117769174432712, -0.1123671151561657, -0.11295902182203302, -0.11355265708401079, -0.11414802094209903, -0.1147450937531601, -0.11534391480346923, -0.11594446444988882, -0.11645025560043533, -0.1169572842686518, -0.11746553081140065, -0.1179750148718195, -0.11849502765400201, -0.11901631724012973, -0.1195388836302027, -0.12006272682422087, -0.12058786646532188, -0.35568720071961063, -0.3558731704369345, -0.3558526135097614, -0.3558526135097614, -0.3567959212328241, -0.3569094905650904, -0.3558526135097614, -0.3558526135097614, -0.35706422877083177, -0.3570656483873652, 0.0]
roots = [4, 0, 0, 0, 0, 0, 0, 0, 0, 0, 0, 0, 0, 0, 0, 0, 0, 0, 0, 0, 0, 0, 0, 0, 0, 0, 0, 0, 0, 0, 0, 0, 0, 0, 0, 0, 0, 0, 0, 0, 0, 0, 0, 0, 0, 0, 0, 0, 0, 0, 0, 0, 0, 0, 0, 0, 0, 0, 0, 0, 0, 0, 0, 0, 0, 0, 0, 0, 0, 0, 0, 0, 0, 0, 0, 0, 0, 0, 0, 0, 0, 0, 0, 0, 0, 0, 0, 0, 0, 0, 0, 0, 0, 0, 0, 0, 0, 0, 0, 0, 0, 0, 0, 0, 0, 0, 0, 0, 0, 0, 0, 0, 0, 4, 4, 4, 4, 4, 4, 0, 0, 0, 0, 0, 0, 0, 0, 0, 0, 0, 0, 0, 0, 0, 0, 0, 0, 0, 0, 0, 0, 0, 0, 0, 0, 0, 0, 0, 0, 0, 0, 0, 0, 0, 0, 0, 0, 0, 0, 0, 0, 0, 0, 0, 0, 0, 0, 0, 0, 0, 0, 0, 0, 0, 0, 0, 0, 0, 0, 0, 0, 0, 0, 0, 0, 0, 0, 0, 0, 0, 0, 0, 0, 0, 0, 0, 0, 0, 0, 0, 0, 0, 0, 0, 0, 0, 0, 0, 0, 0, 0, 0, 0, 0, 0, 0, 0, 0, 0, 0, 0, 0, 0, 0, 0, 0, 0, 0, 0, 0, 0, 0, 0, 0, 0, 0, 0, 0, 0, 0, 0, 0, 0, 0, 0, 0, 4, 4, 0, 0, 0, 0, 0, 0, 0, 0, 4, 4]
tipx = [1.0, 0.9941717239234009, 0.9883505193763445, 0.9825364649313814, 0.9767294820159611, 0.970929806347735, 0.965137280781602, 0.9596149662165533, 0.9540992517457446, 0.9485903730868271, 0.9430881730947002, 0.9375928874870149, 0.9321043591186705, 0.9266228237073185, 0.9163363411167563, 0.9067288825074009, 0.8970562872537016, 0.8873195767988145, 0.8776060452463175, 0.8679160068864126, 0.8582496974367513, 0.8227250830531502, 0.7910513879408893, 0.7828486493889295, 0.773848006586894, 0.7689484580569118, 0.7640560596290229, 0.7591707327306766, 0.7498640498445402, 0.7410248736337314, 0.7322097406233679, 0.7234188079585507, 0.7185941390691715, 0.7137769345720872, 0.7089671158947477, 0.7041648401822538, 0.699370028862055, 0.6906715760891472, 0.6819982665323914, 0.6733502573368887, 0.6647277842202904, 0.660426251371975, 0.656131082900248, 0.6518424359502104, 0.6475603105218624, 0.6432847066152038, 0.6390156635165097, 0.6348383931567708, 0.626502866994508, 0.6223447290508098, 0.6181175258352439, 0.6138970405727436, 0.6096832339770337, 0.6054761453343894, 0.6012758139310861, 0.5935760575609933, 0.585899362234465, 0.5782458065240518, 0.5740809506272879, 0.5699230876875163, 0.5657722177047371, 0.5616283406789502, 0.5574915351827059, 0.5533617619297293, 0.5492390994925707, 0.54512354787123, 0.5410151463519826, 0.5369139342211037, 0.532819872192318, 0.528733038838176, 0.524653473444953, 0.5205811367263737, 0.5165973119859048, 0.5126205587749785, 0.5086508378073198, 0.5046881490829287, 0.5006607558632212, 0.49664070917698316, 0.492628087596765, 0.4886228911225668, 0.4846251590406637, 0.48062616979795303, 0.47663472352008796, 0.4726508594933438, 0.4686745777177204, 0.4647058781932179, 0.46074483949238676, 0.45679146161522693, 0.4529246314024155, 0.4490651870093488, 0.44521316772230196, 0.4413686128275503, 0.4374618284728223, 0.4335628228005913, 0.42967159581085734, 0.4257882260761709, 0.42191267431025675, 0.4181140450712578, 0.4143229980833798, 0.4105395726328978, 0.4067638472923624, 0.40037417034261796, 0.394006729424658, 0.3876616423973082, 0.38133910569194485, 0.3750391193085678, 0.36876184039227816, 0.3653475094976535, 0.3619399751286449, 0.3585392765715276, 0.3551454138263017, 0.3517584654655176, 0.34837835291662483, 0.3450051547521739, 0.3450051547521739, 0.6704428372516548, 0.6704428372516548, 0.33985582408423104, 0.33985582408423104, 0.33668412522547375, 0.333518633598204, 0.33035938848869706, 0.3272064291832281, 0.32400255486505125, 0.32080522171170145, 0.3176144100800411, 0.3144301592563454, 0.3112524692406144, 0.30808135967598566, 0.3049168698487345, 0.3017589801157232, 0.29860772976322714, 0.29546313843438377, 0.2921352569884194, 0.28881487922102544, 0.2855020444184771, 0.2821967918670496, 0.27889910192360534, 0.27560901387441955, 0.27251390360923794, 0.2694255898696725, 0.26634407265572313, 0.2632693912536651, 0.26020154566349846, 0.2569552618112026, 0.2537167173551285, 0.2504859122952763, 0.24726288591792106, 0.24404765786620053, 0.24084024778325228, 0.2376406556690763, 0.23444890116681022, 0.2312650432058669, 0.22808906214310876, 0.22492099726481093, 0.22176084857097353, 0.21911248218465634, 0.21646973373569814, 0.2138326032240989, 0.21120112993613388, 0.20852762033366462, 0.205860003672481, 0.2031982603094454, 0.20054240988769548, 0.1978924916935064, 0.19522524825193754, 0.19256407453989288, 0.18990895091423485, 0.18725987737496338, 0.18461691285149137, 0.18198001805754355, 0.1793492322793952, 0.1767770223376261, 0.17421068569400502, 0.1716502419916696, 0.1690957108737574, 0.16650083275117622, 0.16391211275223852, 0.1613295508769443, 0.1587531667684312, 0.15618298006983686, 0.1536647298271066, 0.15115247074135008, 0.14864623227727372, 0.14614600461330873, 0.14360652996038137, 0.14107331164678558, 0.13854637913722784, 0.13602573243170807, 0.13351139117336397, 0.1310033750053331, 0.12850168392761552, 0.12600633758334878, 0.12351735561567054, 0.12103472820301199, 0.1184086174916169, 0.11578969616859029, 0.1131779936986386, 0.110573500260193, 0.10797625513952874, 0.10538625833664582, 0.10299435275507969, 0.10060868386970755, 0.09822928114523578, 0.09585613476009561, 0.09344630481545232, 0.09104298657092968, 0.0886462193128029, 0.08625599321950318, 0.08387232793416814, 0.0814952332783666, 0.07912472398445175, 0.07676081969556123, 0.07440352532247943, 0.07205285559755957, 0.0695669723348407, 0.06708856819677018, 0.06461766282648565, 0.06215426604555589, 0.05969839749711855, 0.05725006700274242, 0.05494856405128242, 0.052653788874456854, 0.050365761115403355, 0.04808448077412191, 0.04580997240453455, 0.04340502377958954, 0.04100771879057045, 0.038618067259046075, 0.03623608882815405, 0.03386179823024759, 0.031495210197679896, 0.029136339462804188, 0.02678520075797368, 0.024441808815541588, 0.022106178367861124, 0.019778326602677705, 0.017458267024648446, 0.015515450221499949, 0.013578150684630133, 0.011646378235607806, 0.00972014208215373, 0.007764579338082834, 0.0058147751025745004, 0.00387073704872936, 0.0019324756119642736, 0.0, 1.7094004704623843e-13, 0.13491246742873136, 0.13491246742873136, 0.80432543461817, 0.80432543461817, 0.8867147253052563, 0.8867147253052563, 0.9989701495809216, 0.9989701495809216, 1.0, 1.0]
tipy = [0.0, -0.0003138580528731978, -0.0006295232744073253, -0.0009469956646023824, -0.0012662752234583693, -0.001587440523525761, -0.0019104129922540823, -0.002220460276429233, -0.0025321968704396, -0.002845622774285184, -0.0031608165605164604, -0.0034776996565829537, -0.0037963113487599013, -0.004116651637047304, -0.004723663875743483, -0.005297557784414365, -0.0058822554187755866, -0.0064779139239281, -0.007079426084091015, -0.007686752612989095, -0.008299972083172817, -0.010573940266475661, -0.01277660386022226, -0.01334986918848934, -0.013985953270861346, -0.014335326116549335, -0.014686388272072541, -0.01503921830998144, -0.015717613710784343, -0.016369608734627575, -0.017027418127205974, -0.017691120461070013, -0.018058643565917774, -0.018427973839426466, -0.018799071995320847, -0.019172016606151396, -0.01954672909936764, -0.020232746037566637, -0.020924773775876985, -0.021622890886849162, -0.022327136656758406, -0.022681577431952045, -0.023037550371879954, -0.023395055476542127, -0.023754132032213802, -0.024114780038894983, -0.024476999496585668, -0.024833483158091665, -0.025551007689031218, -0.025912048558464774, -0.026281221686872514, -0.02665196626628976, -0.027024321582991746, -0.027398248350703237, -0.02777380549883709, -0.028468013625423123, -0.029167662901129567, -0.029872812255369276, -0.03025976242332203, -0.030648342971697145, -0.03103859318676986, -0.03143049342540255, -0.03182404368759523, -0.032219283259623116, -0.032616172855210984, -0.033014751760634065, -0.033415000332754755, -0.03381693821471065, -0.03422056540650177, -0.034625881908128105, -0.035032907362727274, -0.035441622127161655, -0.03584383501304422, -0.03624769792248676, -0.03665321085548929, -0.03706037381205179, -0.03747665118446941, -0.037894657152997495, -0.03831439171763602, -0.03873585487838501, -0.039159066278382074, -0.03958494914509529, -0.0400125998941942, -0.040441998882541186, -0.04087318539641148, -0.041306139792667465, -0.04174086207130915, -0.042177371875474136, -0.042606888722646834, -0.043038134165929984, -0.043471108205323586, -0.04390579119769003, -0.04435017790004016, -0.04479637177105122, -0.0452443728107232, -0.045694181019056125, -0.04614581603918759, -0.046591165255281036, -0.04703826271062256, -0.047487147691487396, -0.0479377809116003, -0.04870659367486254, -0.04948055294018091, -0.0502596587075554, -0.05104396990639888, -0.05183348653671133, -0.052628228241630395, -0.05306393267715301, -0.05350122820682275, -0.05394007554436438, -0.05438049433291551, -0.054822504215613764, -0.055266085549321525, -0.0557112579771764, -0.11403921760282848, -0.11403921760282848, -0.14493520161048584, -0.14493520161048584, -0.05639566417809066, -0.05682019166830818, -0.05724613346443425, -0.0576735092096065, -0.05810231890382492, -0.05854040015899941, -0.058979974292632936, -0.05942104130472549, -0.05986360119527707, -0.0603076736074253, -0.06075325854117017, -0.061200336353374074, -0.061648946330312246, -0.06209906882884706, -0.06255070384897853, -0.06303137142651058, -0.06351376760015309, -0.06399787272676843, -0.06448370644949424, -0.06497126876833048, -0.06546055968327719, -0.06592348950753947, -0.06638797113967362, -0.06685398493654206, -0.06732155054128237, -0.06779068759703219, -0.06828995722588925, -0.068790994737132, -0.06929378048762282, -0.06979833412049934, -0.07030465563576155, -0.07081276467654705, -0.07132264159971827, -0.07183430604841279, -0.07234775802263062, -0.07286299752237177, -0.07338002454763622, -0.0738988587415616, -0.07433605605554325, -0.07477454981660774, -0.07521430073847983, -0.07565532846429715, -0.076105706323621, -0.07655740027316534, -0.07701044959920535, -0.07746481501546583, -0.07792051616508439, -0.07838157989127288, -0.07884401863709468, -0.07930781275941219, -0.07977300154450062, -0.08023954570608476, -0.08070746488730221, -0.08117675908815299, -0.08163801924571766, -0.08210061513664041, -0.08256452711778363, -0.08302977483228492, -0.08350484411559563, -0.08398130806167725, -0.08445916667052981, -0.08493841994215331, -0.08541906787654775, -0.08589248713629846, -0.08636726177254488, -0.08684337214214938, -0.08732085753138719, -0.08780840020708582, -0.088297357188693, -0.08878774811934637, -0.08927953371277066, -0.0897727336121035, -0.09026736746048253, -0.09076339597163248, -0.09126087807496623, -0.09175977448420852, -0.092260104842497, -0.0927923160131408, -0.09332613792106932, -0.0938615902094202, -0.09439865323505583, -0.09493734664111382, -0.09547765078445655, -0.09597943473492883, -0.09648263299130964, -0.0969872259104614, -0.09749321349238409, -0.09800986729803378, -0.09852795505272964, -0.09904751604274692, -0.09956855026808561, -0.1000910380856081, -0.10061499913845198, -0.1011404530697549, -0.1016673605932416, -0.10219574135204973, -0.10272561498931689, -0.10328921589387552, -0.10385448646513173, -0.10442144634622319, -0.10499005625087461, -0.10556035546536126, -0.1061323439896831, -0.10667319814087917, -0.10721552552739663, -0.10775938507864838, -0.10830473750835913, -0.10885160245966655, -0.10943325540769686, -0.11001659766556238, -0.11060166851953836, -0.11118844832648718, -0.1117769174432712, -0.1123671151561657, -0.11295902182203302, -0.11355265708401079, -0.11414802094209903, -0.1147450937531601, -0.11534391480346923, -0.11594446444988882, -0.11645025560043533, -0.1169572842686518, -0.11746553081140065, -0.1179750148718195, -0.11849502765400201, -0.11901631724012973, -0.1195388836302027, -0.12006272682422087, -0.12058786646532188, -0.35568720071961063, -0.3558731704369345, -0.3558526135097614, -0.3558526135097614, -0.3567959212328241, -0.3569094905650904, -0.3558526135097614, -0.3558526135097614, -0.35706422877083177, -0.3570656483873652, 0.0]
tips = [4, 0, 0, 0, 0, 0, 0, 0, 0, 0, 0, 0, 0, 0, 0, 0, 0, 0, 0, 0, 0, 0, 0, 0, 0, 0, 0, 0, 0, 0, 0, 0, 0, 0, 0, 0, 0, 0, 0, 0, 0, 0, 0, 0, 0, 0, 0, 0, 0, 0, 0, 0, 0, 0, 0, 0, 0, 0, 0, 0, 0, 0, 0, 0, 0, 0, 0, 0, 0, 0, 0, 0, 0, 0, 0, 0, 0, 0, 0, 0, 0, 0, 0, 0, 0, 0, 0, 0, 0, 0, 0, 0, 0, 0, 0, 0, 0, 0, 0, 0, 0, 0, 0, 0, 0, 0, 0, 0, 0, 0, 0, 0, 0, 4, 4, 4, 4, 4, 4, 0, 0, 0, 0, 0, 0, 0, 0, 0, 0, 0, 0, 0, 0, 0, 0, 0, 0, 0, 0, 0, 0, 0, 0, 0, 0, 0, 0, 0, 0, 0, 0, 0, 0, 0, 0, 0, 0, 0, 0, 0, 0, 0, 0, 0, 0, 0, 0, 0, 0, 0, 0, 0, 0, 0, 0, 0, 0, 0, 0, 0, 0, 0, 0, 0, 0, 0, 0, 0, 0, 0, 0, 0, 0, 0, 0, 0, 0, 0, 0, 0, 0, 0, 0, 0, 0, 0, 0, 0, 0, 0, 0, 0, 0, 0, 0, 0, 0, 0, 0, 0, 0, 0, 0, 0, 0, 0, 0, 0, 0, 0, 0, 0, 0, 0, 0, 0, 0, 0, 0, 0, 0, 0, 0, 0, 0, 0, 4, 4, 0, 0, 0, 0, 0, 0, 0, 0, 4, 4]
nameroot = 60mm.dxf
nametip = 60mm.dxf

[Transform]
croot = 97.1
ctip = 97.1
incidenceroot = 0.0
thicknessroot = 100.0
tethicknessroot = 0.0
vinvertroot = 0
incidencetip = 0.0
thicknesstip = 100.0
tethicknesstip = 0.0
vinverttip = 0
covering = 0.0
smooth = 0
nbrpoints = 101
repartition = 1.0
reducepoints = 0

[Bloc]
bloclx = 60.0
blochz = 50.0
fleading = 0.0
ftrailing = 0.0
mleading = 5.0
mtrailing = 10.0
cbcutboth = 0
cbrotdelta = 0
rbleftwing = 1
rbrightwing = 0
rbtabletoblockleft = 0
rbtabletoblockright = 1
bloctotableleft = 785.0
bloctotableright = 10.0
bloctotabletrailingroot = 5.0
hoffset = 0.0
hprofileroot = 10.0
hprofiletip = 10.0
cbalignprofiles = 3
angleinroot = 0.0
angleintip = 0.0
angleoutroot = 0.0
angleouttip = 0.0
gbextracutcmdsactive = 0
extracutcommands = X; LE;=; 0;=; 0;=; 8;=; 1;=; 8;=; 2;=; 10;=
	L; TE;=; 90;=; 5;=

[Material]
mspeednorm = 3.5
mspeedhalf = 1.8
mspeedmin = 0.5
mspeedmax = 6.0
mradspnorm = 1.4
mradsphalf = 3.0
mheatspnorm = 80.0
mname = Yellow foam 40 kg/m3
mhotwire = NiCr, 800 mm x 0.3 mm, 24 V

[Table]
tableyy = 855.0
tableyg = 0.0
tableyd = 0.0
maxdiag = 1000.0
cmaxy = 660.0
cmaxz = 360.0
vmaxy = 60.0
vmaxz = 60.0
theatingmax = 100.0
tsvaluemin = 0.0
tsvaluemax = 1000.0
tname = My CNC
tcomport = Select port
tbaudrate = 115200
tpreheat = 4.0
tpostheat = 4.0
vcut = 3.5
gcodestart1 = 
gcodestart2 = 
gcodestart3 = 
gcodestart4 = 
gcodeend1 = 
gcodeend2 = 
gcodeend3 = 
gcodeend4 = 
gcodeletters = XYAZ

[Cut]
vcut = 3.5
vheat = 80.0
vusefoamparam = 1

[Guillotine]
gcuttingspeed = 3.5
gheating = 80.0
gusefoamparam = 1

