[Profil]
rootx = [1.0, 0.999995507878219, 0.9999801063178271, 0.9999536883635436, 0.9999165748812101, 0.9998687658708267, 0.9998115447957593, 0.9997444838348859, 0.9996674760329259, 0.9995807353004406, 0.9994824433976612, 0.9993742046537953, 0.9992563399346845, 0.9991289561956093, 0.9989921603918499, 0.9988461664339676, 0.9986910812772428, 0.9985269049216756, 0.9983539582331074, 0.9981724551220991, 0.9979822886333704, 0.9977837796327627, 0.9975770350755564, 0.9973621619170322, 0.997158198197119, 0.9969477102050953, 0.9967306979409611, 0.996507482270558, 0.9962780631938858, 0.9960427615767861, 0.9957796515867564, 0.9955101242798968, 0.9952343935667682, 0.9949526733579316, 0.9946654984297896, 0.994372868782342, 0.9940752122367109, 0.9937981980602163, 0.9935173334936237, 0.9932329394027746, 0.99294522969823, 0.9926543113352704, 0.9923605051797373, 0.9920640251421917, 0.9917649781779141, 0.9914636851527461, 0.9911603599772485, 0.9908552165619824, 0.9905484688175088, 0.9902578713203908, 0.9899663112257482, 0.9896737885335811, 0.9893806241097309, 0.9890869249094784, 0.9838138156702748, 0.9785412412074738, 0.9732694154316363, 0.9679981244322011, 0.9627273682091686, 0.9574571467625386, 0.9521874600923109, 0.9470235521944977, 0.9418602860283676, 0.9366973407280789, 0.9315348232489121, 0.9249649881889284, 0.9183957948606276, 0.9118271363087294, 0.9052590125332337, 0.8974404745734142, 0.889622631822918, 0.8818053238488243, 0.873988550651133, 0.866172258752204, 0.8583563946743971, 0.8464200784153334, 0.8344846177985138, 0.8225499058686576, 0.8106158891481248, 0.7986825141592748, 0.7834621894901035, 0.768242666985536, 0.7530237862126515, 0.7378054936938097, 0.7225876824737302, 0.7073703525524129, 0.6921534504522177, 0.6727872717226709, 0.6534219486353683, 0.6340574277126694, 0.6146938159098546, 0.595331059749284, 0.5759692127085976, 0.5566082747877954, 0.5388616129155774, 0.5211156997303229, 0.5033706421873125, 0.48562644028654606, 0.4678830940280236, 0.4501404964564646, 0.43078589563603203, 0.4114321771966636, 0.3920793678771794, 0.3727274409387593, 0.35337634290376313, 0.3340260737721908, 0.3146765800664021, 0.2921031600793266, 0.2695307294285957, 0.24695928811420942, 0.2243887559197074, 0.20181915958390972, 0.17925043225976614, 0.15463098449554863, 0.13001252606767574, 0.10539503023732735, 0.0807784635809783, 0.05616278599039841, 0.031547977411472576, 0.006788751211669634, 0.0064977647482775385, 0.006206317040238288, 0.0059146291006119765, 0.005622923613634959, 0.005331422845749522, 0.005040348645603892, 0.0047499224440522275, 0.0044603656719486885, 0.004171898924559307, 0.003884741543767919, 0.0035991124536642986, 0.003315228907161961, 0.0030333075304833246, 0.0027535626519834535, 0.002476207555532251, 0.0022014532271322656, 0.0019295091905068204, 0.0016605823581663352, 0.0013948774492023917, 0.0011325968848392173, 0.0008739404750881365, 0.0006191051576262805, 0.00036828494557232945, 0.00012167090137438338, 0.0, 0.09488020981845197, 0.11392225388573882, 0.13296367627545777, 0.15200452378054402, 0.1710447964009976, 0.19043070837979648, 0.20981609895160294, 0.22920096811641696, 0.24858538272128888, 0.26796931602739854, 0.29219867114481296, 0.3164274112693645, 0.34065558987869343, 0.36488328718926016, 0.39571793304214403, 0.42655212433508577, 0.48821962453990514, 0.5511455873139058, 0.5826089430443879, 0.6140726731183518, 0.6455367775357974, 0.6770013632520052, 0.7084664837446156, 0.7356025357813543, 0.762739015639215, 0.7765541618331793, 0.7903695754153448, 0.804185363340992, 0.8180016325654016, 0.8318185435214941, 0.8419514333184095, 0.8520848044140872, 0.8622187102861674, 0.8699577269949352, 0.8776970645695445, 0.885436829965276, 0.8931770231821292, 0.9009176976977448, 0.9073687054410932, 0.9138201410055636, 0.920272004391156, 0.9267244025531509, 0.9331772285362678, 0.9396306962510677, 0.945052045509044, 0.9504738225881424, 0.9558960274883628, 0.9613187671649855, 0.9659203041979306, 0.9705220551414366, 0.9751243408613451, 0.9797269474470951, 0.9843299818539671, 0.9889334440819612, 0.9892738827397921, 0.9896137866212207, 0.9899526209498442, 0.9902901718151017, 0.9906263322617127, 0.9909546849728472, 0.9912810055336523, 0.9916050800335668, 0.9919265876067493, 0.9922518386147494, 0.9925738809643345, 0.992892393789663, 0.9932071631801741, 0.9935178682700262, 0.9938242951486582, 0.9941261229502288, 0.9944230308088964, 0.9947148048140999, 0.9950011240999981, 0.9952816678007491, 0.9955562220057923, 0.9958245728045664, 0.9960861854206691, 0.9963200966191222, 0.9965479113665868, 0.996769629663063, 0.9969849306427092, 0.9971937073502449, 0.9973958528303897, 0.9976088007938648, 0.9978135132007416, 0.9980098830957393, 0.9981979104788581, 0.9983772744842563, 0.9985478681566535, 0.9987095845407693, 0.9988499098687851, 0.9989825344166049, 0.9991072442736677, 0.9992241463952541, 0.9993328129602419, 0.9994334578791922, 0.9995257602862637, 0.9996096132261756, 0.999685016698928, 0.9997517567939599, 0.9998097265559908, 0.9998588190297402, 0.9998970020648786, 0.9999269495434187, 0.999948875375921, 0.9999624586965445, 0.9999676995052891, 1.0]
rooty = [0.0, 0.0003395963849970833, 0.0006787382100520423, 0.0010171447175535647, 0.0013545217804802764, 0.001690575271810802, 0.0020190549923409322, 0.0023457164731025652, 0.002670265587074326, 0.0029924416307599965, 0.0033184480104285676, 0.003641399479897862, 0.003961008596851536, 0.004276974549563184, 0.004589009895716463, 0.0048968205082899965, 0.005200112260262413, 0.005498597709317366, 0.005791982728433484, 0.006079979875294421, 0.006362288338173773, 0.006638613990050164, 0.006908676073312283, 0.007172180460938755, 0.007407709358009485, 0.007637255444077255, 0.007860598123876034, 0.008077550225664946, 0.00828804490239368, 0.0084919885681918, 0.008706908519651214, 0.008913833563893267, 0.009112663430342486, 0.009303291163718374, 0.009485609808740428, 0.009659519094833183, 0.009824912066716138, 0.009968954090729308, 0.01010566967802824, 0.010234978612152558, 0.010356807361346919, 0.010471062339740881, 0.010577683384989168, 0.01067657022651631, 0.010767649332566962, 0.010850847171385783, 0.010926070157102334, 0.01099324475796127, 0.011052297442207249, 0.011100454057252306, 0.011141244127352935, 0.011174600805458826, 0.011200457244519665, 0.01121874659748514, 0.011484109333110296, 0.011760201020310593, 0.012046640630899252, 0.012343020397869366, 0.012648952608329121, 0.012964036179976645, 0.013287890084625158, 0.013613381742006323, 0.01394653407135329, 0.014286986098594372, 0.014634356795542789, 0.015085888566287994, 0.015547260222839188, 0.016017716393527837, 0.016496481652570318, 0.017076219381109686, 0.01766535580492298, 0.0182626074606442, 0.018866677515497286, 0.019476275821411208, 0.02009029271735078, 0.021035844244019757, 0.021990253004855128, 0.022952937430519176, 0.023923289212854058, 0.024900706728406958, 0.02615671601084184, 0.02742200366386009, 0.02869533301703092, 0.029975467399923548, 0.031261658125574486, 0.032553905193983726, 0.03385223534397139, 0.035513558346565485, 0.037184908406706435, 0.03886639247967475, 0.0405580907819308, 0.04226008352993497, 0.0439724910483778, 0.04569538018430962, 0.04728398696557388, 0.048881551251579995, 0.050488139889378295, 0.052103819726019074, 0.05372845706740172, 0.05536183800296523, 0.05715340579838801, 0.05895480011020672, 0.06076574018081004, 0.06258591851376653, 0.06441504098205483, 0.06625281345865355, 0.06809894181654132, 0.07026292789866458, 0.07243739559827682, 0.07462190372484599, 0.07681603782666015, 0.07901949040728785, 0.08123199407852785, 0.0836556141040645, 0.08608931466478825, 0.08853272141721737, 0.09098547338728015, 0.09344720960090493, 0.09591755571460994, 0.09840956027261617, 0.09843030959703315, 0.0984430105365925, 0.0984476764607043, 0.09844429399995851, 0.09843284978494501, 0.09841338392389405, 0.09838588304739553, 0.09835037389426957, 0.09830689657274638, 0.09825547782164608, 0.09819615774919885, 0.09812897646363489, 0.09805397407318436, 0.09797123079430767, 0.09788080010464505, 0.09778276222065688, 0.09767715725057334, 0.097564105519085, 0.09744367387324217, 0.09731595589891529, 0.09718104518197479, 0.09703904867770118, 0.09689007334137495, 0.09673423949768667, 0.09665378238793065, -0.08574753906595098, -0.08438574787764626, -0.08301542951248607, -0.08163696395417201, -0.08025073076861167, -0.07883170576252056, -0.07740542325573585, -0.07597228433055941, -0.07453269048708719, -0.07308704113644478, -0.07127207770900078, -0.06944906338993478, -0.06761880786414369, -0.0657822503326844, -0.06343724912302018, -0.061085653451842636, -0.05637077390274043, -0.051557622504973956, -0.04915524312967408, -0.0467574628314357, -0.04436541801011412, -0.0419802550926222, -0.03960311047881526, -0.03756037491890116, -0.03552518639096733, -0.03449235601305796, -0.03346294820412458, -0.03243851381573445, -0.03142060035710229, -0.03041076202214787, -0.02967624329096264, -0.028947506829629436, -0.028225170973363644, -0.027678255146527664, -0.027135704432077086, -0.02659800681347919, -0.026066398961164753, -0.025542237870255117, -0.025112117209724973, -0.024688915218902163, -0.024273420692980375, -0.02386641574244826, -0.023468702531909573, -0.023081069856557994, -0.02276382712518538, -0.022454719679835786, -0.02215422213456643, -0.021862795734024464, -0.02162299531043877, -0.021390347521236506, -0.021165153178144075, -0.020947679669362725, -0.020738234491323896, -0.020537085032228834, -0.020517405260616864, -0.02048759816088256, -0.020447757318896368, -0.02039799637464381, -0.020338408913995333, -0.020270425463827617, -0.02019317032778157, -0.0201067304070226, -0.020011219341536234, -0.019904498025712477, -0.019788531762830516, -0.01966342750817085, -0.01952927884760391, -0.019386206105820272, -0.01923429618398533, -0.01907366940678965, -0.0189044260448087, -0.01872666636861795, -0.01854049064879287, -0.01834601921002402, -0.01814334563818184, -0.017932570203841793, -0.01771380654698941, -0.017506346726344862, -0.017292335894769695, -0.01707186095342932, -0.016845055596424355, -0.01661213373431581, -0.01637332264707474, -0.016106342212832025, -0.01583291103823416, -0.015553316565597492, -0.015267846237238362, -0.014976794180178148, -0.014680447836733192, -0.014379101333924867, -0.014098724750799544, -0.01381461810226679, -0.0135269952988876, -0.013236090305338073, -0.012942117032179207, -0.012645309444087096, -0.012345888136327768, -0.012044080388872287, -0.011740100112281654, -0.01143417458652693, -0.011126537776284206, -0.010817403592114487, -0.010524760575256836, -0.010231181699694813, -0.009936847452464261, -0.009641945005306051, -0.009346661529961062, 0.0]
roots = [4, 0.0, 0.0, 0.0, 0.0, 0.0, 0.0, 0.0, 0.0, 0.0, 0.0, 0.0, 0.0, 0.0, 0.0, 0.0, 0.0, 0.0, 0.0, 0.0, 0.0, 0.0, 0.0, 0.0, 0.0, 0.0, 0.0, 0.0, 0.0, 0.0, 0.0, 0.0, 0.0, 0.0, 0.0, 0.0, 0.0, 0.0, 0.0, 0.0, 0.0, 0.0, 0.0, 0.0, 0.0, 0.0, 0.0, 0.0, 0.0, 0.0, 0.0, 0.0, 0.0, 0.0, 0.0, 0.0, 0.0, 0.0, 0.0, 0.0, 0.0, 0.0, 0.0, 0.0, 0.0, 0.0, 0.0, 0.0, 0.0, 0.0, 0.0, 0.0, 0.0, 0.0, 0.0, 0.0, 0.0, 0.0, 0.0, 0.0, 0.0, 0.0, 0.0, 0.0, 0.0, 0.0, 0.0, 0.0, 0.0, 0.0, 0.0, 0.0, 0.0, 0.0, 0.0, 0.0, 0.0, 0.0, 0.0, 0.0, 0.0, 0.0, 0.0, 0.0, 0.0, 0.0, 0.0, 0.0, 0.0, 0.0, 0.0, 0.0, 0.0, 0.0, 0.0, 0.0, 0.0, 0.0, 0.0, 0.0, 0.0, 0.0, 0.0, 0.0, 0.0, 0.0, 0.0, 0.0, 0.0, 0.0, 0.0, 0.0, 0.0, 0.0, 0.0, 0.0, 0.0, 0.0, 0.0, 0.0, 0.0, 0.0, 0.0, 0.0, 0.0, 4.0, 0.0, 0.0, 0.0, 0.0, 0.0, 0.0, 0.0, 0.0, 0.0, 0.0, 0.0, 0.0, 0.0, 0.0, 0.0, 0.0, 0.0, 0.0, 0.0, 0.0, 0.0, 0.0, 0.0, 0.0, 0.0, 0.0, 0.0, 0.0, 0.0, 0.0, 0.0, 0.0, 0.0, 0.0, 0.0, 0.0, 0.0, 0.0, 0.0, 0.0, 0.0, 0.0, 0.0, 0.0, 0.0, 0.0, 0.0, 0.0, 0.0, 0.0, 0.0, 0.0, 0.0, 0.0, 0.0, 0.0, 0.0, 0.0, 0.0, 0.0, 0.0, 0.0, 0.0, 0.0, 0.0, 0.0, 0.0, 0.0, 0.0, 0.0, 0.0, 0.0, 0.0, 0.0, 0.0, 0.0, 0.0, 0.0, 0.0, 0.0, 0.0, 0.0, 0.0, 0.0, 0.0, 0.0, 0.0, 0.0, 0.0, 0.0, 0.0, 0.0, 0.0, 0.0, 0.0, 0.0, 0.0, 0.0, 0.0, 0.0, 0.0, 0.0, 0.0, 0.0, 0.0, 0.0, 4]
tipx = [1.0, 0.9999746852925234, 0.9999362325723059, 0.9998846418393474, 0.9998203136428169, 0.9997432479827142, 0.9996477570608407, 0.9995384872475559, 0.9994154385428599, 0.9992789313860876, 0.9991292061067406, 0.9989663428146526, 0.998790581839325, 0.9986022436200929, 0.9984013281569563, 0.9981882359990842, 0.9979630472563102, 0.997726002258136, 0.9974541094822645, 0.9971685980346494, 0.9968697883546257, 0.996557840661861, 0.9962330753956905, 0.9958958129954493, 0.995546213680805, 0.9952151197377652, 0.9948742523950036, 0.9945236116525201, 0.9941634378398159, 0.9937941315060601, 0.9934159329807539, 0.992993754156699, 0.9925619621525897, 0.9921210376274288, 0.9916714612402188, 0.9912136335401288, 0.9907481152959954, 0.9902753070569874, 0.9897956894821075, 0.9893097432303586, 0.9888179489607432, 0.988320787332264, 0.9878186588940902, 0.987312124415058, 0.9868015043345028, 0.9862977736996532, 0.9857910790009534, 0.9852818207875726, 0.984770559828347, 0.9842483238218928, 0.9837248861679316, 0.9832007275254665, 0.9826762484436662, 0.9821519295815334, 0.9781585344771095, 0.9741648189333504, 0.9701708630600899, 0.9661766668573281, 0.9621095707058205, 0.9580423143346454, 0.9539748176339689, 0.9499071607136248, 0.9458393435736132, 0.9407543718740141, 0.9356691598449137, 0.9305838677059796, 0.9254984153473779, 0.9203203560209189, 0.9151422165846261, 0.9099640771483335, 0.9047860178218745, 0.8996078783855818, 0.8945223459171462, 0.8894368935585445, 0.8843516014196103, 0.8792664695003437, 0.8727947965779002, 0.8663235242046256, 0.8598526523805198, 0.8533823413252506, 0.8469125910388179, 0.8404433214113879, 0.8339746125527944, 0.8275063843532036, 0.8209211156864508, 0.8143364077885344, 0.8077521805496207, 0.8011685140795436, 0.7945853282684692, 0.7868888560972636, 0.7791931049145621, 0.7714980747203646, 0.7638036854048375, 0.7561100971876481, 0.7484171498491291, 0.7400257248698255, 0.731635020879026, 0.7232452782062319, 0.7148562565219418, 0.7064681961556573, 0.6980808567778768, 0.6896944787181016, 0.6813089017566645, 0.6729241258935651, 0.6645402712935543, 0.6561572578467982, 0.6477751256082139, 0.6393938345228842, 0.6310134246457263, 0.6216817104923534, 0.6123511178766536, 0.603021566688793, 0.5936931370386054, 0.584365788871174, 0.5750395622414155, 0.56571445714933, 0.5563904335400007, 0.5471816879814901, 0.5379740239057357, 0.5287674413127375, 0.5195619802574121, 0.5103576407397599, 0.500596658042042, 0.49083691704674776, 0.4810784177538773, 0.47132112010851357, 0.4615650241106567, 0.45181012976030654, 0.44010576260476164, 0.42840303770080934, 0.4167019149935327, 0.40500235442801497, 0.39330435600425606, 0.3808989877481622, 0.3684953017985779, 0.35609317799075246, 0.34369265637960267, 0.3312936368278364, 0.3188961193354537, 0.307208354942961, 0.295521832252892, 0.28383653123778824, 0.2721524318701913, 0.2604694540402674, 0.24560184996036966, 0.23073598826935682, 0.21587182891231194, 0.2010093118068597, 0.18614839689808316, 0.17128904413106547, 0.15643116338224358, 0.14157474463788833, 0.12671970778816588, 0.11186601277815937, 0.09296316621941346, 0.07406230738591839, 0.05516331611292346, 0.03626609727000106, 0.017370538202697426, 0.016936654580896594, 0.01650137654730141, 0.016065047072137784, 0.015628012880780064, 0.015190616943454154, 0.014726703399428753, 0.014263181642559214, 0.013800464739176, 0.013338964503893418, 0.012879092751325778, 0.012421258792655081, 0.011965874442495639, 0.01151335276717791, 0.011064104329600056, 0.010618539692660224, 0.010177071296830808, 0.009740109705009957, 0.009327593503797447, 0.008919915811374026, 0.00851743649613366, 0.00812051167132185, 0.007729499953616406, 0.007344758707978988, 0.006966645925229327, 0.006595520222045233, 0.00621460422097112, 0.005842160460678008, 0.005478599504064052, 0.00512432440373049, 0.004779644020638056, 0.004444807133372138, 0.004134600890705192, 0.003833806614721047, 0.00354264022645608, 0.003261317959875708, 0.002990056048945346, 0.002729070101772334, 0.002478576821715645, 0.002238792129811657, 0.0020099321035612666, 0.001792213133394409, 0.001585851140347462, 0.0013910623583858414, 0.001208062865010444, 0.0010370688941866858, 0.0008782965234154635, 0.0007319619084299338, 0.0006115881211526251, 0.0005015285532075898, 0.0004019386912106975, 0.000312974060893948, 0.00023479009019901646, 0.0001638215688143322, 0.00010534045136306181, 5.953224609068017e-05, 2.658243923983914e-05, 6.676525609843996e-06, 0.0, 6.56551250555859e-15, 0.07146491125192284, 0.1288820824903776, 0.24371696570866522, 0.30113510827885465, 0.4159723547372389, 0.47338991651113344, 0.5015238492582871, 0.5296572212366042, 0.557789992391168, 0.5859222428318122, 0.6140541327782042, 0.6421857823950949, 0.6703173118472351, 0.6984489614641258, 0.7261756158163087, 0.7539026707176607, 0.7740679180784023, 0.7841503014292716, 0.794232284230972, 0.8043137062638359, 0.8143944073081958, 0.824474227144384, 0.8322349474022864, 0.8399949466716847, 0.847754224952579, 0.8555126220253015, 0.8634111311973167, 0.8713085989414927, 0.8792049451479957, 0.8871000897069918, 0.8949939525086474, 0.9015711300821879, 0.9081472662278891, 0.9147224410555849, 0.9212964943456076, 0.9278694260979573, 0.9344411562028003, 0.939960403311356, 0.9454788493215739, 0.9509963340137862, 0.9565129374978271, 0.9621287970659292, 0.9677436152061923, 0.9733573118087823, 0.9789699669835331, 0.9845815006206109, 0.9849963093399574, 0.9854090352036255, 0.9858196782116152, 0.9862279980344251, 0.9866337543425538, 0.9870612204156387, 0.9874854019855382, 0.987906138832585, 0.9883232707371115, 0.9887365573696161, 0.9891458385104314, 0.9896312239933438, 0.9901102006895534, 0.9905822879400573, 0.9910471653055205, 0.9915044322367739, 0.9919133128284203, 0.9923153840841948, 0.9927103255647624, 0.9930978969406214, 0.9934778578822709, 0.9938498879503754, 0.9942138269252676, 0.9946043623649768, 0.9949843233066263, 0.995353309201047, 0.9957110797187376, 0.9960571542006953, 0.9963614113494165, 0.9966554945492468, 0.996939083360851, 0.9972119374547279, 0.997473816501376, 0.997724480171294, 0.9979635279153131, 0.9981908796235991, 0.9984060546371497, 0.9986089728461309, 0.9987992337013739, 0.9989765968733773, 0.9991408220326397, 0.9992916688496596, 0.9994261732605872, 0.9995472993292724, 0.9996548067262139, 0.9997483750120766, 0.9998291257245334, 0.9998948958980721, 0.9999455253130252, 0.9999806134202237, 1.0]
tipy = [0.0, 0.00045336658372094476, 0.0009056116297688783, 0.001356439733131713, 0.0018055554887973608, 0.0022526684986183456, 0.0027243451862241207, 0.0031930778374382415, 0.0036585059580086683, 0.004120279067412585, 0.004578041678262565, 0.005031433296306568, 0.00548010844788639, 0.005923706638749992, 0.006361877388374557, 0.006794265209372658, 0.0072205196212214795, 0.007640275122804369, 0.008090372223933903, 0.008531862524795996, 0.00896428539384638, 0.009387175192676166, 0.00980008130347031, 0.010202538087819924, 0.01059408992104535, 0.010943033336425573, 0.011282073173603939, 0.011610848938328406, 0.011929025170669995, 0.012236396589179629, 0.012532863056565074, 0.012843714245979809, 0.01314132227849671, 0.013425546961906653, 0.013696253110865121, 0.013953295526298376, 0.014196544029726517, 0.014425858428940414, 0.014641103538595556, 0.014842129152753592, 0.01502881510666384, 0.015201011194387954, 0.015358577223716805, 0.015501393029899713, 0.015629298393269108, 0.01574006025220819, 0.015836252135127345, 0.015917733849817452, 0.015984395245257056, 0.01603688721384567, 0.016073737737387468, 0.016094796609944097, 0.01609994366676488, 0.016089028701911468, 0.015950308510980896, 0.015823474616638397, 0.015708276675653388, 0.015604484372253735, 0.015510285221450017, 0.015427411598397868, 0.01535563318732515, 0.015294699645001282, 0.015244360628195681, 0.015195964274859404, 0.01516325943521606, 0.015145765450262928, 0.01514299164726807, 0.015154807847751582, 0.015180883598649091, 0.015220708199770214, 0.01527378096465378, 0.015339591193109401, 0.015416126125563192, 0.015503976572039328, 0.015602661873535092, 0.01571170137104776, 0.015864691126121558, 0.016032671433842655, 0.016214650935017946, 0.016409848558768012, 0.016617903810840814, 0.016838546320547324, 0.017071505717198506, 0.017316501616376115, 0.017578030182501418, 0.01785146507267324, 0.01813650587501488, 0.01843287220510809, 0.018740273664805396, 0.01911327506464463, 0.019500495959980973, 0.019901465705540924, 0.020315723669780215, 0.020742799207425347, 0.021182221673202828, 0.021675147494220476, 0.02218168197325261, 0.02270159479452709, 0.023234735752105568, 0.02378093461259125, 0.02434004117004578, 0.024911885191072368, 0.02549630645600344, 0.026093154758900644, 0.026702259866367185, 0.02732346155873549, 0.027956599616337983, 0.02860152383323632, 0.029258063976033703, 0.030002684881079354, 0.030761294965849978, 0.03153368394203188, 0.03231960146639449, 0.033118857278082545, 0.033931201033865474, 0.034756432459158805, 0.03559433125191963, 0.03643417270814978, 0.0372859405158849, 0.038149404359352844, 0.03902437397769838, 0.03991062906887859, 0.040862674361055985, 0.04182692638915659, 0.04280311478249139, 0.04379102925274669, 0.044790399429233456, 0.04580099499617956, 0.04702819753995518, 0.04827079118554703, 0.04952836537005696, 0.05080050953058682, 0.05208680309050921, 0.05346603407135319, 0.05486021554992757, 0.0562688468397712, 0.05769141724069368, 0.0591274460936923, 0.06057642269857666, 0.06195401142782801, 0.06334225476497297, 0.06474073213338416, 0.06614903297016342, 0.06756672668495414, 0.06938403829185967, 0.07121536911967784, 0.07306027856432283, 0.07491829598052113, 0.07678899077791615, 0.07867189231123439, 0.08056655997639003, 0.08247254315556801, 0.08438938121722406, 0.08631663355727236, 0.08878384620450022, 0.09126624967895984, 0.09376293273129191, 0.09627294405722021, 0.09879538242111464, 0.0988470732913654, 0.09888634713737923, 0.09891324401407306, 0.09892784403128065, 0.0989302272988358, 0.09891949258110841, 0.0988951792465542, 0.09885736740500696, 0.09880615719375893, 0.09874162872264389, 0.09866388212895408, 0.09857299752252328, 0.09846903498572683, 0.09835213471077386, 0.09822234676631048, 0.09807976127589971, 0.09792447837683377, 0.09776447901130365, 0.09759306399445897, 0.09741030342240425, 0.09721626739124409, 0.09701104602454148, 0.096794709418401, 0.09656733768265643, 0.0963289908996831, 0.09606762255322537, 0.09579438793763802, 0.09550938719021328, 0.09521270042078492, 0.09490463805495887, 0.09458559062817486, 0.09427115953056278, 0.09394743569223148, 0.09361477960743297, 0.09327351171550242, 0.0929240125381503, 0.09256661252844099, 0.0922016621668973, 0.09182952194777128, 0.09145052232412727, 0.09106503380394657, 0.09067339685402274, 0.09027596195487862, 0.08987307958703701, 0.08946510023102074, 0.08905236435362339, 0.088635232449097, 0.08825802528298399, 0.08787782401183318, 0.08749486896514598, 0.08710942049988216, 0.08672171894554309, 0.08630835220320468, 0.08589303278366772, 0.08547608112626735, 0.08505777761542185, 0.08463843267673711, 0.08421833670836062, 0.06772266047641959, -0.06966420240806956, -0.06662826376475202, -0.060566560427007844, -0.05754270084456593, -0.05150246193541193, -0.04847291580648733, -0.046983080682939535, -0.045488574154709076, -0.043988462441545854, -0.042481496330729285, -0.0409663665271634, -0.03944176123231996, -0.037906366144238396, -0.03635887447125507, -0.03482055287080799, -0.033267946685623856, -0.032127618249725105, -0.03155066973022693, -0.030966874323372317, -0.030374489640276406, -0.029771768285189727, -0.02915697037265973, -0.028674246038288335, -0.028182529375074403, -0.027681026794976984, -0.027168939703090526, -0.02663584380729355, -0.026090110585216757, -0.025530893876740766, -0.02495736254234005, -0.024368665415030622, -0.02386590110505107, -0.023351540896630916, -0.022825094117038223, -0.022286075100405662, -0.021734003187730506, -0.02116838770628082, -0.02068244646139643, -0.020186316247027325, -0.01967971167189063, -0.01916234233783887, -0.01862420953624257, -0.018074315609673486, -0.01751235513939031, -0.016938022706651727, -0.01635101289271643, -0.016301454946790247, -0.01624082181634308, -0.01616927872790711, -0.016086995914879137, -0.01599413860379134, -0.01588427798048236, -0.01576290657543118, -0.015630219656357653, -0.015486417497846247, -0.015331695367616817, -0.015166258547118441, -0.01495385232969811, -0.014726640813621107, -0.014484959458816416, -0.014229153738942239, -0.01395955911392756, -0.013702802089777168, -0.013435190183148704, -0.013156983751001973, -0.012868438143432172, -0.012569813717399103, -0.01226136081613335, -0.011943344803459335, -0.011582780455315456, -0.01121129112858894, -0.010829217290073382, -0.010436909420291596, -0.010034697972307953, -0.009660755281921726, -0.009279167109273498, -0.008890198818187688, -0.00849410575875949, -0.008091138274219485, -0.007681561728392095, -0.00726563147137251, -0.006843597846391316, -0.00641572621727293, -0.005982266927247934, -0.005543480333276135, -0.005099626792317339, -0.0046509566476021285, -0.00419773025609031, -0.003749390564439469, -0.003297170552714594, -0.0028413005366878206, -0.0023820258527251204, -0.001911155270321822, -0.0014372605416930829, -0.000960602023798709, -0.00048143005986928317, 0.0]
tips = [4, 0.0, 0.0, 0.0, 0.0, 0.0, 0.0, 0.0, 0.0, 0.0, 0.0, 0.0, 0.0, 0.0, 0.0, 0.0, 0.0, 0.0, 0.0, 0.0, 0.0, 0.0, 0.0, 0.0, 0.0, 0.0, 0.0, 0.0, 0.0, 0.0, 0.0, 0.0, 0.0, 0.0, 0.0, 0.0, 0.0, 0.0, 0.0, 0.0, 0.0, 0.0, 0.0, 0.0, 0.0, 0.0, 0.0, 0.0, 0.0, 0.0, 0.0, 0.0, 0.0, 0.0, 0.0, 0.0, 0.0, 0.0, 0.0, 0.0, 0.0, 0.0, 0.0, 0.0, 0.0, 0.0, 0.0, 0.0, 0.0, 0.0, 0.0, 0.0, 0.0, 0.0, 0.0, 0.0, 0.0, 0.0, 0.0, 0.0, 0.0, 0.0, 0.0, 0.0, 0.0, 0.0, 0.0, 0.0, 0.0, 0.0, 0.0, 0.0, 0.0, 0.0, 0.0, 0.0, 0.0, 0.0, 0.0, 0.0, 0.0, 0.0, 0.0, 0.0, 0.0, 0.0, 0.0, 0.0, 0.0, 0.0, 0.0, 0.0, 0.0, 0.0, 0.0, 0.0, 0.0, 0.0, 0.0, 0.0, 0.0, 0.0, 0.0, 0.0, 0.0, 0.0, 0.0, 0.0, 0.0, 0.0, 0.0, 0.0, 0.0, 0.0, 0.0, 0.0, 0.0, 0.0, 0.0, 0.0, 0.0, 0.0, 0.0, 0.0, 0.0, 0.0, 0.0, 0.0, 0.0, 0.0, 0.0, 0.0, 0.0, 0.0, 0.0, 0.0, 0.0, 0.0, 0.0, 0.0, 0.0, 0.0, 0.0, 0.0, 0.0, 0.0, 0.0, 0.0, 0.0, 0.0, 0.0, 0.0, 0.0, 0.0, 0.0, 0.0, 0.0, 0.0, 0.0, 0.0, 0.0, 0.0, 0.0, 0.0, 0.0, 0.0, 0.0, 0.0, 0.0, 0.0, 0.0, 0.0, 0.0, 0.0, 0.0, 0.0, 0.0, 0.0, 0.0, 0.0, 0.0, 0.0, 0.0, 0.0, 0.0, 0.0, 0.0, 0.0, 0.0, 0.0, 0.0, 0.0, 0.0, 0.0, 0.0, 0.0, 0.0, 0.0, 4.0, 0.0, 0.0, 0.0, 0.0, 0.0, 0.0, 0.0, 0.0, 0.0, 0.0, 0.0, 0.0, 0.0, 0.0, 0.0, 0.0, 0.0, 0.0, 0.0, 0.0, 0.0, 0.0, 0.0, 0.0, 0.0, 0.0, 0.0, 0.0, 0.0, 0.0, 0.0, 0.0, 0.0, 0.0, 0.0, 0.0, 0.0, 0.0, 0.0, 0.0, 0.0, 0.0, 0.0, 0.0, 0.0, 0.0, 0.0, 0.0, 0.0, 0.0, 0.0, 0.0, 0.0, 0.0, 0.0, 0.0, 0.0, 0.0, 0.0, 0.0, 0.0, 0.0, 0.0, 0.0, 0.0, 0.0, 0.0, 0.0, 0.0, 0.0, 0.0, 0.0, 0.0, 0.0, 0.0, 0.0, 0.0, 0.0, 0.0, 0.0, 0.0, 0.0, 0.0, 0.0, 0.0, 0.0, 0.0, 0.0, 0.0, 0.0, 0.0, 0.0, 0.0, 0.0, 0.0, 4]
nameroot = White_V4_Main_elev_root.dxf
nametip = White_V4_Main_elev_tip.dxf

[Transform]
croot = 71.3
ctip = 47.6
incidenceroot = 0.0
thicknessroot = 100.0
tethicknessroot = 0.0
vinvertroot = 0
incidencetip = 0.0
thicknesstip = 100.0
tethicknesstip = 0.0
vinverttip = 0
covering = 0.0
smooth = 1
nbrpoints = 201
repartition = 1.0
reducepoints = 0

[Bloc]
bloclx = 540.5
blochz = 50.0
fleading = 112.5
ftrailing = 88.8
mleading = 5.0
mtrailing = 10.0
cbcutboth = 0
cbrotdelta = 0
rbleftwing = 0
rbrightwing = 1
rbtabletoblockleft = 0
rbtabletoblockright = 1
bloctotableleft = 156.5
bloctotableright = 168.0
bloctotabletrailingroot = 125.0
hoffset = 0.0
hprofileroot = 23.0
hprofiletip = 24.3
cbalignprofiles = 1
angleinroot = 0.0
angleintip = 0.0
angleoutroot = 0.0
angleouttip = 0.0
gbextracutcmdsactive = 0
extracutcommands = X; LE;=; 0;=; 0;=; 8;=; 1;=; 8;=; 2;=; 10;=
	L;

[Material]
mspeednorm = 3.5
mspeedhalf = 1.8
mspeedmin = 0.5
mspeedmax = 6.0
mradspnorm = 1.0
mradsphalf = 3.0
mheatspnorm = 80.0
mname = Yellow foam 40 kg/m3
mhotwire = NiCr, 800 mm x 0.3 mm, 24 V

[Table]
tableyy = 865.0
tableyg = 0.0
tableyd = 0.0
maxdiag = 1000.0
cmaxy = 660.0
cmaxz = 360.0
vmaxy = 60.0
vmaxz = 60.0
theatingmax = 100.0
tsvaluemin = 0.0
tsvaluemax = 1000.0
tname = My CNC
tcomport = Select port
tbaudrate = 115200
tpreheat = 4.0
tpostheat = 4.0
vcut = 3.5
gcodestart1 = 
gcodestart2 = 
gcodestart3 = 
gcodestart4 = 
gcodeend1 = 
gcodeend2 = 
gcodeend3 = 
gcodeend4 = 
gcodeletters = XYAZ

[Cut]
vcut = 3.5
vheat = 80.0
vusefoamparam = 1

[Guillotine]
gcuttingspeed = 3.5
gheating = 80.0
gusefoamparam = 1

