[Profil]
rootx = [1.0, 0.9999986815336928, 0.9999905235234167, 0.9999759379898926, 0.999955007337265, 0.9999276491613895, 0.9998939458664103, 0.9998531558150298, 0.9998059382404012, 0.9997522931425249, 0.9996922205214007, 0.999625885185317, 0.9995532871342739, 0.9994745087724156, 0.999389550099742, 0.9992984935203973, 0.9992014214385259, 0.9990919887350239, 0.9989759636999856, 0.9988534287375553, 0.9987244662518772, 0.9985891586470953, 0.9984475883273541, 0.9983084901319389, 0.9981640356671505, 0.998014224932989, 0.9978591403335983, 0.9976988642731229, 0.9974875800473857, 0.9972681378113722, 0.9970407847775155, 0.996805520945815, 0.9965626759328479, 0.9963123321427583, 0.9960546543838346, 0.9957897250602209, 0.9955177089802059, 0.9952388533562219, 0.9949356885096979, 0.99462518969434, 0.994307439314292, 0.9939826021778426, 0.9936509254974244, 0.9933125740813257, 0.9929935052349704, 0.9926689153109537, 0.992339133925852, 0.9920041610796657, 0.9916579812698676, 0.9913067748072731, 0.9909506240960265, 0.9905898587527046, 0.9902244787773071, 0.9897615322951729, 0.9892919110773584, 0.9888156151238633, 0.9883328916471203, 0.9878349234036998, 0.9873304452328873, 0.986819621942971, 0.9863026183422395, 0.9857795992389813, 0.9852601235139237, 0.9847350443070603, 0.9842045264266794, 0.9836686522769253, 0.983117615764638, 0.9825613053871215, 0.9819998859526644, 0.981433439865411, 0.9808620495295053, 0.9802859621573801, 0.9797051777490352, 0.9791199435169033, 0.9785303418651288, 0.9779364551978557, 0.9773021080957787, 0.9766633111699147, 0.976020146824408, 0.9753728622716911, 0.9747216223200524, 0.9740665093736363, 0.9733407760756377, 0.9726109225704291, 0.9718770312621546, 0.9711389373425257, 0.970396888023975, 0.9696508833065025, 0.9688326101545638, 0.9680098047746939, 0.9671823847627485, 0.9663505973311605, 0.9655144424799297, 0.9646740026132002, 0.9638293601351164, 0.9628386975135044, 0.9618424314100865, 0.9608408090372954, 0.9598338303951311, 0.9588217426960263, 0.9578044635358366, 0.9568287984684696, 0.9558486835773156, 0.9548642836706629, 0.9538755987485118, 0.9528827936191505, 0.9518859506867232, 0.9508851523553742, 0.9498804810292475, 0.9488239774964171, 0.9477634361605206, 0.9466990218298467, 0.9456308169085393, 0.9445589038007428, 0.9434834473147456, 0.9423063865189457, 0.9411252879200799, 0.9399403987305807, 0.9387518013545922, 0.9375597430045474, 0.9363643060845902, 0.935165655403009, 0.9337633016769573, 0.9323569925519838, 0.9309469752405212, 0.9295332497425695, 0.9281158984622727, 0.9266950862079195, 0.9251411088565338, 0.923583093702082, 0.9220211231487085, 0.9204551971964132, 0.9188854806534846, 0.9173119735199227, 0.91573492300816, 0.9140270147154025, 0.912315068619579, 0.9105991671248337, 0.9088793926353109, 0.9071244315762133, 0.9053656799264823, 0.9036033024944065, 0.9018372168758414, 0.9000677526873639, 0.89829482752483, 0.8965186061965279, 0.8947392535107461, 0.8929568518716289, 0.8911714836833202, 0.8892747874961929, 0.8873749599515859, 0.8854722482619318, 0.8835666524272305, 0.8816582548516264, 0.8797471379392635, 0.8779427343936439, 0.8761359411278424, 0.8743267581418591, 0.872515267839838, 0.8707015526259234, 0.8683898691685883, 0.8660746423330525, 0.8637559545234601, 0.8614338881439554, 0.8591083607903942, 0.856779619675209, 0.8544477472025441, 0.8521126609682553, 0.849774525780631, 0.8474333416396711, 0.8449472086090576, 0.842457779412676, 0.8399653012629589, 0.8374697741599062, 0.8349712805076622, 0.8324699851145154, 0.8297092814754166, 0.8269453640746938, 0.8241783153164912, 0.8214082176049532, 0.818635235748368, 0.81585945215088, 0.8128282157063618, 0.8097940127126522, 0.8067569255738954, 0.8037170366942358, 0.8006745932861059, 0.7976296777536498, 0.7945825373093003, 0.791024738383323, 0.7874643025247311, 0.7839013945418132, 0.7803360144345691, 0.7767682446071432, 0.7731981674636795, 0.7693009458677288, 0.7654010873391636, 0.7614985094738397, 0.7575933770800454, 0.753685772561925, 0.7497756959194787, 0.7458632295568502, 0.7422746938850852, 0.7386841805138591, 0.7350918542514605, 0.7314976326937453, 0.7279015982448577, 0.7243038333089417, 0.7203769462210778, 0.716448081433753, 0.7125173213511116, 0.7085845835690092, 0.7046500328957344, 0.7007136693312871, 0.6967755752798115, 0.6921790721161516, 0.6875803028385261, 0.6829794322552234, 0.6783764603662435, 0.6737715107778028, 0.6691645834899012, 0.6641366122271929, 0.6591064984567352, 0.6540741597743841, 0.6490397609884279, 0.6440033433009387, 0.6389649891160606, 0.6339246984337938, 0.6283661680886325, 0.62280545403365, 0.6172427210771342, 0.6116780104211577, 0.6061114044698644, 0.6005430268294709, 0.594972918702049, 0.5887679278456128, 0.5825610828959321, 0.5763523838530068, 0.5701419131209812, 0.563929629497783, 0.5577156153875565, 0.5514997883861577, 0.5452822720998026, 0.538174420237403, 0.5310643022610378, 0.5239520417769234, 0.5168375563809154, 0.5097209284771582, 0.5026021168635796, 0.4954812451463959, 0.4885007488888625, 0.48151823372979613, 0.474533782073341, 0.46754739391949707, 0.4604320020779029, 0.4533146737389199, 0.4461954501046203, 0.4390742899729319, 0.4319512757479989, 0.424810874248639, 0.41766865985810664, 0.4105246737784739, 0.40337891600974085, 0.39623146895605155, 0.3890823326174061, 0.3819315481958766, 0.37492216928579997, 0.3679112658990556, 0.36089883803564343, 0.3538848856955635, 0.34674188846566123, 0.33959732555701905, 0.3324512587727452, 0.3253036881128396, 0.3181546341783384, 0.3101740400246817, 0.3021916123788165, 0.2942074130438509, 0.2862214420197849, 0.2782337199076546, 0.27024426730849604, 0.26225312542438134, 0.25426029425531044, 0.24530634235032442, 0.23635035094276932, 0.22739234063368127, 0.21843235262513233, 0.20930741212092446, 0.2001804939172557, 0.1910516186151621, 0.18192080681567974, 0.17278808942036267, 0.17281401582423261, 0.0, 2.592895636649448e-05, 0.1728399525286206, 0.17286599223818885, 0.18165690754386868, 0.19044734902571933, 0.19923729608270477, 0.20802670751275287, 0.21681558331586365, 0.22560390289100107, 0.23439164563712905, 0.2431787909532116, 0.25105155928417827, 0.25892383319027973, 0.2667955920704799, 0.2746668153237428, 0.2825375235511044, 0.2908846101361053, 0.29923107869002463, 0.3075769086118264, 0.31592205869943846, 0.3242665289528609, 0.3326102987710576, 0.3404766395787764, 0.3483423417543776, 0.35620736409578924, 0.36407176840611927, 0.3719354310791515, 0.3790836609722107, 0.38623127283418834, 0.3933783078671566, 0.40052468366697125, 0.40767048263777644, 0.41481558117335593, 0.42195997927370965, 0.42910371814090975, 0.43624671537081205, 0.4433890121654886, 0.45053052612079525, 0.45767125723673197, 0.4648112055132987, 0.47195032974842344, 0.4789458647622739, 0.4859406169367545, 0.4929345038677209, 0.4999274843531011, 0.5058601707150174, 0.5117921978437802, 0.5177234833352451, 0.5236540271894122, 0.5295838294062815, 0.5355128075817086, 0.5411144764963604, 0.5467153625716422, 0.552315465807554, 0.557914786204096, 0.5635132825591959, 0.5691109548728537, 0.5747077619429974, 0.5801917577397269, 0.5856748882929421, 0.5911571124005711, 0.596638430062614, 0.6022184266873403, 0.6077973520581919, 0.6133751649730967, 0.6189519066341269, 0.6245274122329941, 0.6289073573056877, 0.6332865195390115, 0.6376648577308931, 0.6420424130834048, 0.6464191443944746, 0.6510602282001484, 0.6557002819540199, 0.6603393468581608, 0.664977381710499, 0.6696143865110349, 0.6742502788556239, 0.6788850999463384, 0.683518767379034, 0.6881513223557829, 0.6927826824724408, 0.6974127241227914, 0.702041529710979, 0.7059285331930485, 0.7098146302295318, 0.7136995736079962, 0.7175833633284419, 0.7215366197424508, 0.7254885576901525, 0.7294392595756912, 0.7333885605907784, 0.7373364607354141, 0.7409619958679265, 0.744586294938276, 0.7482093579464624, 0.7518310200841972, 0.7554513637556249, 0.7590702241524568, 0.7621090417782419, 0.7651467881501522, 0.7681834632681879, 0.7712189847282047, 0.7743086457109631, 0.7773971530357028, 0.7804845067024234, 0.7835705419028369, 0.7866554234452315, 0.7896840229571354, 0.7927113040027318, 0.7957373489861653, 0.7987619106950031, 0.8018401175017174, 0.8049166762255474, 0.8079916692706376, 0.8110648494245554, 0.8141363814955891, 0.8166945357482362, 0.8192513715345762, 0.8218068888546087, 0.82436100530419, 0.8269136384791755, 0.8294647883795654, 0.8318985947786097, 0.8343310003072026, 0.8367619225611999, 0.8391914439447458, 0.8416193172454075, 0.8440457072714735, 0.8464703668105114, 0.8488933782666651, 0.8512849937438773, 0.8536747963299172, 0.8560627860247846, 0.8584488804243352, 0.860832997124425, 0.8629985780340876, 0.8651625108608662, 0.8673247132006165, 0.8694850202450501, 0.8716435968024555, 0.8738001956604, 0.8759548992230278, 0.8781076250861948, 0.8802583732499007, 0.8824069789058575, 0.8845535244582092, 0.8866978450986674, 0.8888400232313763, 0.8909799764521917, 0.8926559943411426, 0.8943303641472095, 0.8960031682745363, 0.8976740771065466, 0.8993431730473843, 0.9011113187695545, 0.9028770747715428, 0.9046404410533491, 0.9064012528066852, 0.9081593452232625, 0.9099147183030811, 0.9115375855190209, 0.9131579806106345, 0.9147756563654894, 0.9163906127835856, 0.9180319385278269, 0.9196702977228769, 0.9213055255604471, 0.9229375396363934, 0.9245661751424273, 0.9259207344648411, 0.9272729864712173, 0.9286226015449788, 0.9299698268985586, 0.9313143329153795, 0.9326562844037302, 0.933934619892756, 0.9352105656615998, 0.9364838744978291, 0.937754546401444, 0.9390225813724443, 0.9402877321983976, 0.9415499988793037, 0.9428090517985858, 0.9439369173202964, 0.945061981101104, 0.9461842431410087, 0.9473036210358662, 0.9484198675732441, 0.9495330651572864, 0.9506429665755607, 0.951727405113276, 0.9528085474852233, 0.953886228883114, 0.9549604493069482, 0.9560504913264694, 0.9571367427553572, 0.9582190387853233, 0.9592972146080793, 0.9603712702236251, 0.9612122045152197, 0.9620502546617673, 0.9628854206632677, 0.9637174553072884, 0.964546193785541, 0.9654214082011241, 0.9662925848136413, 0.9671595588148043, 0.9680220829921802, 0.9688800749416249, 0.96973336985485, 0.9704607512357325, 0.9711844244301259, 0.9719042246297417, 0.9726199870262915, 0.9733317116197754, 0.9740392336019049, 0.9747423881643916, 0.9754272490068653, 0.9761076600255518, 0.9767836212204515, 0.97745505018742, 0.9781338131232226, 0.9788075494062287, 0.9794762590364384, 0.9801396948014192, 0.9807978567011709, 0.981355238332562, 0.9819085821608872, 0.982457723377858, 0.983002497175186, 0.9835426563404386, 0.9840294176202474, 0.9845121410969904, 0.9849904971540905, 0.9854643209832594, 0.9859336125844972, 0.986398042341227, 0.9868575278493046, 0.9873119043004416, 0.9877610068863495, 0.9882046707987401, 0.988642813633469, 0.9890751057739595, 0.9895015472202116, 0.9899218907597925, 0.9903277311699938, 0.990727473673524, 0.9911209534620947, 0.9915080057274176, 0.9918312771851272, 0.9921496867983287, 0.9924631521628781, 0.992771590874631, 0.9930750029335875, 0.993373141127315, 0.993681167818347, 0.9939832614109962, 0.9942792570969745, 0.9945690724721375, 0.9948525427281969, 0.9951297502692967, 0.9954003654788603, 0.9956643883568878, 0.9958952847689454, 0.9961206601033414, 0.9963405143600758, 0.9965547651350044, 0.9967633300239829, 0.9969781576279209, 0.9971863929003226, 0.9973879534370439, 0.9975827568339405, 0.9977707206868682, 0.9979515977833945, 0.9981157468386475, 0.9982735507747967, 0.998424844783554, 0.9985696288649192, 0.9987079030188923, 0.9988471660225958, 0.9989788478450328, 0.9991028660820587, 0.9992191383295296, 0.9993274173750127, 0.9994277856226523, 0.99952007826416, 0.9996042128953916, 0.9996800247080586, 0.9997476785104495, 0.9998071743025643, 0.9998585944885472, 0.9999001261772256, 0.9999344063012142, 0.9999615172646571, 0.99998137666341, 0.9999942317099058, 1.0]
rooty = [0.0, 0.0005527463982796651, 0.0011054515944872287, 0.0016414699514936246, 0.0021772410960674104, 0.0027126620230283325, 0.003247670929268238, 0.0037918678975868113, 0.004335426233787808, 0.004878242932690976, 0.0054202561911881626, 0.00596132180202701, 0.006501377962099367, 0.0070403010651889295, 0.007578029308187544, 0.008114521489023108, 0.008649715804587472, 0.009215976482516477, 0.009780753885849824, 0.010344068615623562, 0.01090587946976559, 0.011466186448275907, 0.012024948349082413, 0.012550377773558686, 0.013074426928619553, 0.013597054612192913, 0.014118260824278766, 0.014638045564877113, 0.015297484728863997, 0.015954554773705037, 0.016609214497328127, 0.017261422697661174, 0.01791117937470417, 0.018558422725348966, 0.01920315274959556, 0.019845307644335803, 0.02048488740956969, 0.021121850843225126, 0.02179451587235664, 0.022464152549188682, 0.0231307402726852, 0.0237942378407741, 0.02445462465241932, 0.025111818303476665, 0.0257175711675151, 0.026320542891686675, 0.026920712874955337, 0.027518039915248985, 0.028123318955458252, 0.0287255902444041, 0.029324833181050475, 0.02992102716436133, 0.03051413099226456, 0.031251153658018845, 0.03198331447926514, 0.03271069586014764, 0.033433339002738455, 0.0341643049638938, 0.03489051208572141, 0.03561198096925732, 0.03632879401864575, 0.03704101303699485, 0.03773609199334966, 0.03842684473213379, 0.03911333305645541, 0.039795639370458706, 0.04048606249266603, 0.04117226240248294, 0.041854300903017574, 0.042532198595306, 0.04320605848452846, 0.04387592177275706, 0.044541870864136, 0.045203926359701344, 0.045862191264633326, 0.046516706781004065, 0.04720686208974273, 0.047892938393343326, 0.048575018095950065, 0.0492531630006711, 0.04992747611268668, 0.05059799863406891, 0.05133217835684818, 0.05206190825584048, 0.052787250134153946, 0.053508245193860694, 0.05422491403599677, 0.05493729786263427, 0.05570963070417967, 0.05647695749396472, 0.05723936063613362, 0.05799688133275848, 0.0587495607859114, 0.05949746079870052, 0.060240622573197955, 0.061101745880122404, 0.06195658587105136, 0.06280524555116507, 0.06364776612253562, 0.0644842505903433, 0.06531478135873227, 0.06610211175452267, 0.066884147684048, 0.0676609715514525, 0.0684326657608803, 0.06919931271647568, 0.06996097422134676, 0.07071771207860168, 0.07146960869238467, 0.07225220084988339, 0.07302962214733334, 0.07380197558991479, 0.07456936418280799, 0.07533182912808505, 0.07608947343092622, 0.07691058952583996, 0.07772618454309209, 0.0785363408868268, 0.07934118216326042, 0.08014081137757315, 0.08093535213598134, 0.08172486624159313, 0.08263982005571839, 0.08354830514452369, 0.08445044511422532, 0.08534636357103963, 0.08623614291911078, 0.08711988616361903, 0.08807713390475663, 0.089027397894673, 0.08997076053751235, 0.09090736604052702, 0.09183727620682518, 0.09276061464262311, 0.0936775255551732, 0.09466097781416745, 0.09563713730639971, 0.09660618944119442, 0.09756823722373187, 0.09854072973154708, 0.09950625908917711, 0.10046494890283826, 0.101416984581855, 0.10236246913140758, 0.10330156735978441, 0.10423442347423782, 0.10516120228305625, 0.10608200679141995, 0.1069970018076173, 0.10796125390101219, 0.10891932568359182, 0.10987136136260856, 0.11081750514531477, 0.11175786003689069, 0.11269248784044449, 0.11356852629746973, 0.11443959990480673, 0.11530574986452759, 0.11616707918181254, 0.11702360845769767, 0.11810689333739421, 0.11918267943996826, 0.12025102856852794, 0.1213121055313617, 0.12236601333364977, 0.1234128961826445, 0.12445287768456222, 0.12548606084458314, 0.12651258986995967, 0.12753256776587202, 0.12860736501871564, 0.1296750961161938, 0.1307359052655589, 0.13178995727509932, 0.13283737575103138, 0.13387832550164347, 0.1350185516449845, 0.136151279011203, 0.1372767342116956, 0.13839508205475062, 0.1395065491517647, 0.14061132091206224, 0.14180912695116532, 0.14299945481418194, 0.1441825723145808, 0.1453587472658305, 0.14652820627932764, 0.1476912377695769, 0.1488480683479749, 0.1501902670487582, 0.15152478156309454, 0.15285202391170494, 0.15417209709976967, 0.15548518653661314, 0.15679135402534355, 0.15820851989631582, 0.1596177955704806, 0.16101928405301816, 0.16241319135428903, 0.1637996410805095, 0.165178798039968, 0.1665508270409529, 0.16780233998104047, 0.1690481258331059, 0.17028830820336552, 0.1715229282938914, 0.17275219211504408, 0.17397614086889568, 0.17530552572525535, 0.1766288950790882, 0.17794645494075473, 0.1792583289164712, 0.18056472301659818, 0.1818657196452798, 0.18316152481287667, 0.1846668837191825, 0.18616565029395207, 0.18765803054754587, 0.18914414808618024, 0.19062416771814356, 0.19209821304965213, 0.1936995727839548, 0.1952941753784328, 0.19688214443930244, 0.1984636447748521, 0.20003884119337023, 0.20160793970521731, 0.20317110511868175, 0.20488762464450852, 0.20659734582843853, 0.20830051588290438, 0.20999729961619445, 0.2116879854428135, 0.2133727381710499, 0.21505184621540838, 0.21691533353242173, 0.21877239332618725, 0.22062319040499329, 0.222467765970912, 0.22430620242808755, 0.22613854097859207, 0.22796482282449762, 0.22978508916787635, 0.2318580478194545, 0.23392330168354963, 0.23598085076016176, 0.23803081865550718, 0.240073246571658, 0.2421081757106863, 0.24413568847673633, 0.24611557164743683, 0.24808840926380796, 0.25005432493206603, 0.2520134010563552, 0.2540011538228271, 0.25598190223704176, 0.25795581110728755, 0.25992296283770866, 0.2618833574283051, 0.2638414035007917, 0.2657928572417421, 0.2677378422573725, 0.2696763997497551, 0.2716085709209619, 0.27353452057928135, 0.27545428992678556, 0.27732976704678053, 0.279199393472537, 0.28106329281027137, 0.2829214650599836, 0.2848075723145808, 0.28668787007701163, 0.2885623583472761, 0.29043107832744636, 0.29229415362373873, 0.29436674145666797, 0.296432366139412, 0.29849102767197083, 0.30054289086263297, 0.30258791450932615, 0.3046262222182668, 0.306657855191527, 0.30868285463117884, 0.31094311790253104, 0.31319522316360715, 0.31543933522269557, 0.3176754540797962, 0.3199442049780014, 0.3222048390680025, 0.32445756236016016, 0.3267024160565464, 0.3289394413592333, 0.15720553785514538, 0.15717943634246898, -0.01455448776265497, -0.01455448776265497, -0.1870313470308798, -0.18632326568233784, -0.18560900804662048, -0.18488845510446084, -0.1841614871928097, -0.18342798569476418, -0.18268783102774777, -0.1819409037701297, -0.18118708482217022, -0.1805057113488306, -0.17981862430689874, -0.17912573678575383, -0.1784269631623398, -0.1777222184573829, -0.176968140708908, -0.17620714680636146, -0.17543913503212774, -0.17466400173724417, -0.17388164649166005, -0.17309196371506558, -0.17234060659091419, -0.17158255928030527, -0.17081773680396514, -0.17004605418262012, -0.16926742643699644, -0.16855348208187806, -0.16783365226827296, -0.16710782369048277, -0.166375874029856, -0.1656376809677411, -0.1648931208979217, -0.1641420715017463, -0.1633844117481281, -0.16262001545572127, -0.16184876416856855, -0.1610705317053241, -0.16028519703490113, -0.1594926365510833, -0.15869272922278388, -0.15790157218454703, -0.1571031223795482, -0.15629719697359243, -0.15548355647963563, -0.1547869684973901, -0.15408450921987007, -0.1533760292895642, -0.15266138964947915, -0.1519404357918445, -0.15121302865966693, -0.15051962353749124, -0.14982019776252972, -0.14911463030369554, -0.1484028001299019, -0.147684581059803, -0.14695984948718252, -0.1462284818058242, -0.14550518715546829, -0.14477528472279905, -0.1440386406010822, -0.14329506938099326, -0.14253065248755037, -0.1417586544128408, -0.140978858845986, -0.14019106492688446, -0.13939506664517567, -0.13876375304565716, -0.13812715013013263, -0.13748516004368078, -0.1368376797811214, -0.13618461148753325, -0.1354857470908041, -0.13478036761642387, -0.13406835460843528, -0.13334958961088103, -0.13262395416780384, -0.1318913246729874, -0.13115159297099244, -0.13040463545560263, -0.12965032852060168, -0.12888851765821926, -0.12811892990472762, -0.12734129229639915, -0.12668164712205174, -0.12601596069388246, -0.12534406305334383, -0.12466578939214748, -0.12396846492286313, -0.12326418245365262, -0.12255277202596851, -0.12183405853100439, -0.12110786685995382, -0.12043399667021334, -0.11975352899867758, -0.11906632993861221, -0.11837227073354191, -0.11767121232647336, -0.11696301566041319, -0.1163625160605677, -0.11575680954886039, -0.115145808570888, -0.11452944102302438, -0.11389626302974327, -0.11325735279818104, -0.11261261762367543, -0.11196198025234126, -0.11130535312977533, -0.1106545354993757, -0.10999775386903937, -0.10933482282944187, -0.10866557757229481, -0.1079774772169022, -0.10728244461287852, -0.10658028920064025, -0.10587082557086296, -0.10515385801370414, -0.10455052062114266, -0.10394172395402772, -0.10332737015743806, -0.10270734592567542, -0.1020815379530415, -0.10144983808409705, -0.10084125772786064, -0.10022710994163149, -0.09960729687048837, -0.09898173611028707, -0.0983503143553293, -0.09771287709784471, -0.09706926983006288, -0.09641932774369542, -0.09577096163658586, -0.09511610620312028, -0.09445458633449226, -0.09378625782344945, -0.09311096616222146, -0.09249087497709164, -0.09186478889047105, -0.09123256369510731, -0.09059410668633819, -0.08994927365691134, -0.08929797190216453, -0.08864006751536344, -0.08797544719080977, -0.08730399762280525, -0.08662558490461555, -0.08594011633157846, -0.08524744769644159, -0.0845474759940247, -0.08384005701707546, -0.08328004875358788, -0.08271514774403822, -0.08214518918013809, -0.08157001855411711, -0.08098948135820488, -0.08036772148915496, -0.07973957529892928, -0.07910484707768535, -0.07846335141609874, -0.07781491320536299, -0.07715933673563564, -0.07654574517737986, -0.07592573639639426, -0.07529915588490844, -0.07466585943567006, -0.07401400145294987, -0.07335487130450374, -0.07268833508359736, -0.07201420738090623, -0.07133236459021408, -0.07075814161185143, -0.07017834605323703, -0.0695929058107447, -0.06900171787919421, -0.06840469985444132, -0.0678017487313058, -0.06722060380483007, -0.06663390689913865, -0.06604157561008732, -0.0654435275335319, -0.06483964936377408, -0.06422974539097141, -0.06361365080683545, -0.06299116990152376, -0.06242660880906894, -0.06185660904309671, -0.06128103669687273, -0.0606997681641807, -0.060112669538286284, -0.059519586311419105, -0.05892040517788088, -0.05832714684220727, -0.05772776999882657, -0.05712215104152246, -0.05651015606356062, -0.05588035148993285, -0.05524367647078213, -0.054599997099374124, -0.05394917946897451, -0.05329108967284896, -0.052768812206888456, -0.05224182740419035, -0.0517100425600924, -0.0511733340683783, -0.0506315989238678, -0.05005140164505041, -0.04946529186888644, -0.048873135688641545, -0.04827478889706338, -0.04767013818845366, -0.04705903935556004, -0.046530015050292896, -0.04599606709740961, -0.045457123393284, -0.04491310153377186, -0.044363908814210956, -0.0438094628304571, -0.043249691478884106, -0.04269586352621177, -0.0421367514077924, -0.041572283019999816, -0.041002375958689816, -0.04041644129133227, -0.03982470743232642, -0.039227102278046086, -0.03862352282331101, -0.038013896964495024, -0.037488632348307155, -0.03695842348346709, -0.03642322916790273, -0.03588304940161407, -0.035337873884083076, -0.0348378970396476, -0.03433374848541183, -0.03382543852189379, -0.033312936247539414, -0.03279624166234869, -0.03227532386476755, -0.031750193155314015, -0.031220828932952034, -0.030687220897163584, -0.030149348446912614, -0.029607211582199124, -0.029060789701987062, -0.0285100725057584, -0.02795504969299512, -0.027406938527826892, -0.026854665953376395, -0.026298221669125606, -0.025737605675074528, -0.02525864188741089, -0.02477664974744778, -0.024291618954667173, -0.023803559809587097, -0.023312451711171498, -0.022818294659420375, -0.022294987141657337, -0.021768280452945914, -0.021238174593286106, -0.02070464896164186, -0.0201677138585312, -0.019627338382400057, -0.01908353283376645, -0.018536286912112353, -0.01804301570491142, -0.017546973658361647, -0.017048181373499092, -0.016546700653431903, -0.016042634503340335, -0.015505246177436559, -0.014965117913738023, -0.014422332116388931, -0.013876960889015461, -0.013329117537315893, -0.012778905066470479, -0.012258007869925388, -0.011735132973919418, -0.011210383383632823, -0.010683820902173756, -0.010155507332650368, -0.009593366861931527, -0.009029454702112315, -0.008463832656300884, -0.007896624330713541, -0.007327891528458436, -0.006757757855751875, -0.006186285115702011, -0.005613555712453046, -0.005039713853257337, -0.004464821341223036, -0.0038890017825664474, -0.003312378783503877, -0.0027613010691443286, -0.0022097083288835097, -0.0016576829668656233, -0.0011053279882709238, -0.0005527257972436143, 0.0]
roots = [4, 0, 0, 0, 0, 0, 0, 0, 0, 0, 0, 0, 0, 0, 0, 0, 0, 0, 0, 0, 0, 0, 0, 0, 0, 0, 0, 0, 0, 0, 0, 0, 0, 0, 0, 0, 0, 0, 0, 0, 0, 0, 0, 0, 0, 0, 0, 0, 0, 0, 0, 0, 0, 0, 0, 0, 0, 0, 0, 0, 0, 0, 0, 0, 0, 0, 0, 0, 0, 0, 0, 0, 0, 0, 0, 0, 0, 0, 0, 0, 0, 0, 0, 0, 0, 0, 0, 0, 0, 0, 0, 0, 0, 0, 0, 0, 0, 0, 0, 0, 0, 0, 0, 0, 0, 0, 0, 0, 0, 0, 0, 0, 0, 0, 0, 0, 0, 0, 0, 0, 0, 0, 0, 0, 0, 0, 0, 0, 0, 0, 0, 0, 0, 0, 0, 0, 0, 0, 0, 0, 0, 0, 0, 0, 0, 0, 0, 0, 0, 0, 0, 0, 0, 0, 0, 0, 0, 0, 0, 0, 0, 0, 0, 0, 0, 0, 0, 0, 0, 0, 0, 0, 0, 0, 0, 0, 0, 0, 0, 0, 0, 0, 0, 0, 0, 0, 0, 0, 0, 0, 0, 0, 0, 0, 0, 0, 0, 0, 0, 0, 0, 0, 0, 0, 0, 0, 0, 0, 0, 0, 0, 0, 0, 0, 0, 0, 0, 0, 0, 0, 0, 0, 0, 0, 0, 0, 0, 0, 0, 0, 0, 0, 0, 0, 0, 0, 0, 0, 0, 0, 0, 0, 0, 0, 0, 0, 0, 0, 0, 0, 0, 0, 0, 0, 0, 0, 0, 0, 0, 0, 0, 0, 0, 0, 0, 0, 0, 0, 0, 0, 0, 0, 0, 0, 0, 0, 0, 0, 0, 0, 0, 0, 0, 0, 0, 0, 0, 0, 0, 0, 0, 4, 4, 4, 4, 4, 4, 0, 0, 0, 0, 0, 0, 0, 0, 0, 0, 0, 0, 0, 0, 0, 0, 0, 0, 0, 0, 0, 0, 0, 0, 0, 0, 0, 0, 0, 0, 0, 0, 0, 0, 0, 0, 0, 0, 0, 0, 0, 0, 0, 0, 0, 0, 0, 0, 0, 0, 0, 0, 0, 0, 0, 0, 0, 0, 0, 0, 0, 0, 0, 0, 0, 0, 0, 0, 0, 0, 0, 0, 0, 0, 0, 0, 0, 0, 0, 0, 0, 0, 0, 0, 0, 0, 0, 0, 0, 0, 0, 0, 0, 0, 0, 0, 0, 0, 0, 0, 0, 0, 0, 0, 0, 0, 0, 0, 0, 0, 0, 0, 0, 0, 0, 0, 0, 0, 0, 0, 0, 0, 0, 0, 0, 0, 0, 0, 0, 0, 0, 0, 0, 0, 0, 0, 0, 0, 0, 0, 0, 0, 0, 0, 0, 0, 0, 0, 0, 0, 0, 0, 0, 0, 0, 0, 0, 0, 0, 0, 0, 0, 0, 0, 0, 0, 0, 0, 0, 0, 0, 0, 0, 0, 0, 0, 0, 0, 0, 0, 0, 0, 0, 0, 0, 0, 0, 0, 0, 0, 0, 0, 0, 0, 0, 0, 0, 0, 0, 0, 0, 0, 0, 0, 0, 0, 0, 0, 0, 0, 0, 0, 0, 0, 0, 0, 0, 0, 0, 0, 0, 0, 0, 0, 0, 0, 0, 0, 0, 0, 0, 0, 0, 0, 0, 0, 0, 0, 0, 0, 0, 0, 0, 0, 0, 0, 0, 0, 0, 0, 0, 0, 0, 0, 0, 0, 0, 0, 0, 0, 0, 0, 0, 0, 0, 0, 0, 0, 0, 0, 0, 0, 0, 0, 0, 0, 0, 0, 0, 0, 0, 0, 0, 0, 0, 0, 0, 0, 0, 0, 0, 0, 0, 0, 4]
tipx = [1.0, 0.9999899510367292, 0.999971850795657, 0.9999450333816269, 0.9999096198664856, 0.9998959387478157, 0.9998703925881752, 0.9998327997797946, 0.9997833419304434, 0.9997222006478917, 0.9996565797070146, 0.9995815151620998, 0.9994971886209172, 0.9994036606193902, 0.9993010522293655, 0.9991894845226896, 0.9990690785712093, 0.9989175571551433, 0.9987542917699536, 0.9985795850952566, 0.9983934976669758, 0.9981962716288044, 0.9979880885885123, 0.9978049068845508, 0.9976141581901744, 0.9974160846490766, 0.9972106862612572, 0.9969942097994705, 0.9967704084909623, 0.9965394034075792, 0.9963012550852446, 0.9960562056676516, 0.9957609719696277, 0.9954565368112593, 0.9951430818003165, 0.9948207885445693, 0.9944899597236342, 0.9941508980171276, 0.9938598412978127, 0.9935633363453991, 0.9932616253035801, 0.992954768708279, 0.992637257790474, 0.9923147829269567, 0.991987646797344, 0.991655909937559, 0.9913198144912951, 0.9909397094287787, 0.9905547009564737, 0.990165031218073, 0.9897708212854234, 0.9893724949099882, 0.9889702336995373, 0.988564279797764, 0.9881548753483615, 0.9877853640724259, 0.9874135524314042, 0.9870395009612196, 0.986663512341489, 0.9862857076440587, 0.9858832042899145, 0.9854791875376874, 0.9850737179233007, 0.9846670981263708, 0.9842595702905912, 0.9838513160237318, 0.9781159005048514, 0.9723810903452043, 0.9666469460807137, 0.9609134677113795, 0.9551805947012785, 0.9494483875863341, 0.9431956926026979, 0.9369436635142181, 0.9306923003208949, 0.9244415424868049, 0.9181914505478713, 0.911941963968171, 0.9056930222117805, 0.8984032863257764, 0.8911142768708521, 0.8838259333110844, 0.8765382556464731, 0.8692512438770184, 0.8619647769308735, 0.8540165312710116, 0.846068890970383, 0.8381217954930642, 0.8301753053749785, 0.8222292390083562, 0.814283596393197, 0.8063383775295011, 0.7954143069511524, 0.7844907206601902, 0.7735676186566146, 0.7070403944714478, 0.6649184093798718, 0.6438584459447803, 0.6227991484048451, 0.6017406378319131, 0.580682853690061, 0.5608291895989356, 0.5409763124748133, 0.5211242223176941, 0.5012730099314631, 0.48142264504815846, 0.4603701880675583, 0.43931876019765465, 0.41826836143844737, 0.3972190220578981, 0.37617077232396867, 0.35512364250462053, 0.33407763259985385, 0.3130327728776302, 0.29198909360591124, 0.270946594784697, 0.2499052158780642, 0.22886497201999356, 0.2087820886552229, 0.18870015873124454, 0.16861915198009675, 0.1485390229998371, 0.1284597415225039, 0.1083812848471259, 0.08830362270574148, 0.06822671726339852, 0.06823725808104635, 0.0, 0.0, 0.06824779889869416, 0.06825833971634199, 0.09361323610699046, 0.11896729256170291, 0.1443206225853355, 0.1696733094147829, 0.19502546655490122, 0.2203771999435563, 0.24572861551861397, 0.3210137684720073, 0.39629917870307474, 0.43394238323997586, 0.47158610233222514, 0.49981930026889454, 0.5280529824929504, 0.556287058200508, 0.6409908592571867, 0.6692255403239774, 0.6974599792470748, 0.7160116972353909, 0.7345632336159372, 0.7531145883887135, 0.7885305855028449, 0.8003364828761731, 0.812142925072811, 0.823950093700529, 0.8317433068607722, 0.8395369437724789, 0.8473311255074953, 0.8551257915298983, 0.8630628380439463, 0.8710005504531507, 0.8789390498293583, 0.8868782756366457, 0.8948183489468595, 0.9014357123325659, 0.9080538021493522, 0.9146724973253716, 0.9212919189324708, 0.9279121275065731, 0.9345330625117553, 0.9400952847540217, 0.9456581123555212, 0.9512215453162539, 0.9567855836362198, 0.9624514433792073, 0.9681179690173513, 0.9737852210865751, 0.9794531390509553, 0.9851219045182621, 0.9855224101869368, 0.9859222499604549, 0.9863212422310466, 0.9867189632472486, 0.9871152919372144, 0.9875337767751146, 0.9879500823197753, 0.9883638453556567, 0.9887748842749888, 0.9891827753263083, 0.989587276365922, 0.9899880847142133, 0.9903848371556422, 0.9907773520824388, 0.9911652057431399, 0.9915481559940522, 0.9919259606914825, 0.9922813670972849, 0.992631567413682, 0.9929761984251337, 0.993315017987947, 0.9936477839584282, 0.9939741936569612, 0.9942940049398524, 0.9946069756634086, 0.9949272106977631, 0.9952393944543162, 0.9955431031816047, 0.9958380947359353, 0.9961242480454615, 0.9964013209664899, 0.9966572668502802, 0.9969046771688825, 0.9971435519222971, 0.997373770038677, 0.9975950893743292, 0.9978075099292535, 0.99801085009568, 0.9982049888017622, 0.9983898655115767, 0.9985652986173534, 0.9987312881190926, 0.9988875313371774, 0.9990340888075313, 0.999170718386461, 0.9992974200739664, 0.9994139517263544, 0.9995096590211208, 0.9995971334303159, 0.9996761933461698, 0.999746778232759, 0.9998088275541605, 0.9998651864987699, 0.9999117386238018, 0.9999484233933327, 0.9999750591995928, 0.9999915855066588, 0.9999978812426839, 1.0]
tipy = [0.0, 0.0027278622095842048, 0.005042354866788582, 0.007356764287098396, 0.009671052635561573, 0.01009581050851568, 0.010519736012524155, 0.010942587003893731, 0.011364098637959886, 0.011784021204038932, 0.012164179235488192, 0.012542611993122878, 0.012919137869173031, 0.01329356012188787, 0.013665689576507024, 0.014035337058270125, 0.014402313392416799, 0.014826806420706386, 0.015247092202325343, 0.015662868057657077, 0.016073823740094584, 0.01647966413701168, 0.01688007143481095, 0.017212005036346678, 0.017539708690240526, 0.017863015922703375, 0.01818172999198444, 0.01850135210011528, 0.018815836221754468, 0.01912500074913205, 0.01942865650748766, 0.01972661432206092, 0.020067499673257355, 0.020400031067035848, 0.020723898256789393, 0.02103880612989181, 0.02134456551158273, 0.021641078030986766, 0.021882903910663023, 0.022118055704793423, 0.022346457743473817, 0.02256804192379048, 0.022786584173960386, 0.022997922649255403, 0.02320198167977138, 0.023398685595604173, 0.023587973860830454, 0.023790383287436004, 0.023983349110003882, 0.024166795658629937, 0.024340601861467536, 0.024504684481622113, 0.024658930014237444, 0.024803247655428556, 0.024937546601310468, 0.025049280781775443, 0.02515279721064994, 0.025248050485991474, 0.025334949803915065, 0.025413449762478224, 0.025487409526792505, 0.025551759213279984, 0.025606377750094028, 0.025651189467330488, 0.025686118695085216, 0.025711074629473234, 0.025996365302092116, 0.026292446503042504, 0.02659904582066947, 0.026915875709337247, 0.027242663757390907, 0.027579122419194683, 0.027956881714682448, 0.028345461806463385, 0.028744499478997577, 0.029153631516745115, 0.029572509838146917, 0.030000740959701417, 0.03043800706781119, 0.030959039759812828, 0.031491286731609204, 0.03203414262396713, 0.032587062613576745, 0.03314944134120486, 0.03372073398354161, 0.0343534403200849, 0.03499530271503011, 0.03564557960331657, 0.03630354455386447, 0.036968410599670674, 0.03763946644363618, 0.03831595538671952, 0.03925364170494101, 0.040198229118420796, 0.04114781074557435, 0.046955506156896885, 0.05064016133549996, 0.052488096064698855, 0.05434143362505393, 0.05620139986901237, 0.058069250916983034, 0.0598387008215996, 0.061617321918598915, 0.06340612818469656, 0.06520584605097234, 0.06701650578538793, 0.06894881245771188, 0.07089331711858449, 0.07284998950004411, 0.0748187690661674, 0.07679959528103106, 0.0787924227426926, 0.0807971909152287, 0.08281385439669688, 0.08484235265117379, 0.08688256460681282, 0.08893412704807406, 0.09099672216136008, 0.09297552042279257, 0.09496374715428191, 0.09696109967621151, 0.09896727530896476, 0.10098195623894425, 0.10300485492051421, 0.10503566867405806, 0.1070740948199592, 0.037249917777082156, 0.037249917777082156, -0.03257424413181407, -0.03257424413181407, -0.10237281447912742, -0.10000426631648955, -0.09762695888950965, -0.09524190451962414, -0.09285011458239566, -0.09045260068985528, -0.08805037445403407, -0.08564444985164764, -0.07848761869354155, -0.07133128128156002, -0.06775974693441544, -0.06419601226264092, -0.06152984372590859, -0.05887055358346333, -0.056218410463464846, -0.04827811392703375, -0.04562664805267739, -0.04296778922868577, -0.04121525911463669, -0.039457379138364355, -0.03769328287946626, -0.03431476543207485, -0.033193269349687395, -0.03207825817808543, -0.030972213890125, -0.030248355587044997, -0.029530202794737757, -0.02881846681030227, -0.028113874064818356, -0.02740455195032519, -0.026704121049569415, -0.026013345628582932, -0.0253329748194168, -0.024663772888102918, -0.024115173650020156, -0.023575291584895245, -0.023044558011181833, -0.022523411814323973, -0.02201229187976573, -0.021511637092951154, -0.02109948582602811, -0.020695287466031023, -0.020299299290633996, -0.019911778577511134, -0.019526179879953632, -0.019149903714587167, -0.018783214926076253, -0.01842640106005666, -0.0180797269611929, -0.018050548646153422, -0.01801138947075682, -0.017962317537916828, -0.01790340851753759, -0.017834753213504088, -0.017751364979132964, -0.017657178649439918, -0.017552300162290757, -0.017436820321570456, -0.017310829931163996, -0.017174419794956354, -0.01702768828382292, -0.016870718634658256, -0.016703624352318588, -0.01652647353971765, -0.01633937970171166, -0.01614242607519518, -0.015945321108870408, -0.015739393031721973, -0.015524732647634858, -0.015301423193503624, -0.015069540339232418, -0.014829167321715804, -0.014580379810857929, -0.014323268610543772, -0.01404506820794356, -0.013757916055682638, -0.013461895390655567, -0.013157112150728153, -0.012843800912603258, -0.012522271922887887, -0.012207984542999484, -0.011886758232900705, -0.011558865404246487, -0.011224586035682174, -0.0108841925388627, -0.01053794219146217, -0.010186114972125931, -0.009828975725518501, -0.009466804430285226, -0.009099865931090627, -0.008728432639589634, -0.008352776967437182, -0.007973163759297788, -0.007589872993816801, -0.007203169515658737, -0.0068133257364785295, -0.006461581754036853, -0.006107726581269447, -0.0057519645269175105, -0.005394477198750998, -0.005035461338520697, -0.004653245085678611, -0.004269765145437253, -0.003885256094499482, -0.0034999525095681565, -0.003114073833365306, -0.0027278697765746197, 0.0]
tips = [4, 0, 0, 0, 0, 0, 0, 0, 0, 0, 0, 0, 0, 0, 0, 0, 0, 0, 0, 0, 0, 0, 0, 0, 0, 0, 0, 0, 0, 0, 0, 0, 0, 0, 0, 0, 0, 0, 0, 0, 0, 0, 0, 0, 0, 0, 0, 0, 0, 0, 0, 0, 0, 0, 0, 0, 0, 0, 0, 0, 0, 0, 0, 0, 0, 0, 0, 0, 0, 0, 0, 0, 0, 0, 0, 0, 0, 0, 0, 0, 0, 0, 0, 0, 0, 0, 0, 0, 0, 0, 0, 0, 0, 0, 0, 0, 0, 0, 0, 0, 0, 0, 0, 0, 0, 0, 0, 0, 0, 0, 0, 0, 0, 0, 0, 0, 0, 0, 0, 0, 0, 0, 0, 0, 0, 4, 4, 4, 4, 4, 4, 0, 0, 0, 0, 0, 0, 0, 0, 0, 0, 0, 0, 0, 0, 0, 0, 0, 0, 0, 0, 0, 0, 0, 0, 0, 0, 0, 0, 0, 0, 0, 0, 0, 0, 0, 0, 0, 0, 0, 0, 0, 0, 0, 0, 0, 0, 0, 0, 0, 0, 0, 0, 0, 0, 0, 0, 0, 0, 0, 0, 0, 0, 0, 0, 0, 0, 0, 0, 0, 0, 0, 0, 0, 0, 0, 0, 0, 0, 0, 0, 0, 0, 0, 0, 0, 0, 0, 0, 0, 0, 0, 0, 0, 0, 0, 0, 0, 0, 0, 0, 0, 0, 0, 0, 0, 0, 4]
nameroot = rrb.dxf
nametip = rtb.dxf

[Transform]
croot = 92.6
ctip = 63.0
incidenceroot = 0.0
thicknessroot = 100.0
tethicknessroot = 0.0
vinvertroot = 0
incidencetip = 0.0
thicknesstip = 100.0
tethicknesstip = 0.0
vinverttip = 0
covering = 0.0
smooth = 0
nbrpoints = 101
repartition = 1.0
reducepoints = 0

[Bloc]
bloclx = 136.0
blochz = 50.0
fleading = -9.1
ftrailing = -38.7
mleadingroot = 5.0
mtrailingroot = 10.0
mleadingtip = 5.0
mtrailingtip = 10.0
cbcutboth = 0
cbrotdelta = 0
rbleftwing = 0
rbrightwing = 1
rbtabletoblockleft = 1
rbtabletoblockright = 0
bloctotableleft = 200.0
bloctotableright = 519.0
bloctotabletrailingroot = 70.0
hoffset = 50.0
hprofileroot = 1.0
hprofiletip = 27.5
cbalignprofiles = 3
angleinroot = 0.0
angleintip = 0.0
angleoutroot = 0.0
angleouttip = 0.0
gbextracutcmdsactive = 1
extracutcommands = TE;=; 90;=; 5;=

[Material]
mspeednorm = 6.0
mspeedhalf = 3.0
mspeedmin = 3.0
mspeedmax = 6.5
mradspnorm = 0.8
mradsphalf = 2.0
mheatspnorm = 80.0
mname = grey 22kg/m3
mhotwire = NiCr, 800 mm x 0.3 mm, 24 V

[Table]
tableyy = 855.0
tableyg = 0.0
tableyd = 0.0
maxdiag = 1000.0
cmaxy = 660.0
cmaxz = 360.0
vmaxy = 60.0
vmaxz = 60.0
theatingmax = 100.0
tsvaluemin = 0.0
tsvaluemax = 1000.0
tname = My CNC
tcomport = Select port
tbaudrate = 115200
tpreheat = 4.0
tpostheat = 4.0
vcut = 6.0
gcodestart1 = 
gcodestart2 = 
gcodestart3 = 
gcodestart4 = 
gcodeend1 = 
gcodeend2 = 
gcodeend3 = 
gcodeend4 = 
gcodeletters = XYAZ

[Cut]
vcut = 6.0
vheat = 80.0
vusefoamparam = 1

[Guillotine]
gcuttingspeed = 6.0
gheating = 80.0
gusefoamparam = 1

