[Profil]
rootx = [1.0, 0.9977748959003899, 0.9955561787355474, 0.9933436257054221, 0.9911374596100643, 0.9889374576494239, 0.9867437683568675, 0.9846812340270931, 0.9826241954318861, 0.980572801104613, 0.9785269025119072, 0.9764866481871354, 0.9742161671440034, 0.9719525929024222, 0.9696959254623918, 0.9674463133572789, 0.9652035337870335, 0.9629678095517055, 0.9607389921179283, 0.958517081485702, 0.9563021519217099, 0.9540941291592685, 0.9518930874650613, 0.9496990268390881, 0.9475118730146659, 0.9453316259917944, 0.9431583600371571, 0.9409920751507539, 0.9388637405395386, 0.9367421641965072, 0.935699162895652, 0.9332695283501181, 0.931101312529948, 0.9289358445770617, 0.9267731244914589, 0.9244303819654351, 0.922090832906795, 0.9197544773155386, 0.9174214637250326, 0.9150916436019104, 0.9127650912128551, 0.9104417322911836, 0.9081217153702625, 0.9056946058919622, 0.9032710612144623, 0.9008511556044462, 0.8984347405285471, 0.8960219645201317, 0.8936126790458335, 0.8912069583723358, 0.8888048024996383, 0.8864062114277413, 0.8840112594233281, 0.8816197979530319, 0.8792319012835362, 0.8769837002454068, 0.8747386926746611, 0.8724968785712991, 0.8702581836686375, 0.8680226822333595, 0.1418219979104326, 0.13872713811553342, 0.13564453232338566, 0.13257418053398934, 0.12951607346400903, 0.12647022968011556, 0.12349069676111112, 0.12052299081142887, 0.11756710254773342, 0.11462303197002478, 0.11163105938156054, 0.10865139649586023, 0.10568404331292386, 0.102728990549416, 0.0997862474886721, 0.09685581413069214, 0.09393769047547611, 0.09103186723968859, 0.08813835370666502, 0.08525714987640538, 0.08238825574890969, 0.07953166204084251, 0.07668737803553928, 0.07385539909133228, 0.07075444014506363, 0.06766837166880506, 0.06459719366255655, 0.06154090612631812, 0.058499513701757475, 0.055747533900512944, 0.05300785916036464, 0.05028049412298028, 0.04756543414669215, 0.044862679231500245, 0.04217223401907228, 0.03949409850940825, 0.036562358521968236, 0.033645513646206, 0.030743559240453834, 0.0278564976255456, 0.02498432648064744, 0.022127048126593205, 0.019284660242549045, 0.016457163988931888, 0.013644559365741729, 0.010846846372978572, 0.008113588158229329, 0.0053946941644136635, 0.002690164971740042, 0.0, 0.4057937147808821, 0.4057937147808821, 0.6043730599685644, 0.6043730599685644, 1.0]
rooty = [7.252605795118421e-11, 0.017121479398900134, 0.03412762503193003, 0.051018435666146715, 0.06779391014113324, 0.08445404845688964, 0.10099885525508359, 0.11649261210061512, 0.1318838345064576, 0.147172522472611, 0.16235869456574617, 0.17744231365252144, 0.1941556594052247, 0.2107412850292505, 0.22719919052459886, 0.24352939445794067, 0.25973189682927583, 0.2758066605052628, 0.29175372261924315, 0.3075730646045461, 0.32326472359451325, 0.33882864388913214, 0.35426482548840277, 0.3695733426590085, 0.38475412113426594, 0.39980719804751685, 0.41473253626541945, 0.42953021005465714, 0.4439897847679803, 0.45832533412012233, 0.46534424122943424, 0.48161952495044463, 0.49605611412527345, 0.5103912178773155, 0.5246248733399121, 0.5399495806474864, 0.5551549042615884, 0.5702408441822182, 0.5852074375427173, 0.6000546472097441, 0.6147824731832986, 0.6293909525967225, 0.6438800111833325, 0.6589310457627914, 0.673851073912835, 0.6886400956334634, 0.7032981109246764, 0.7178250455197909, 0.7322210479521732, 0.7464860439551404, 0.7606199592620088, 0.7746229424061453, 0.7884948448541831, 0.8022357408728057, 0.8158457047286962, 0.8285579329163485, 0.8411536366778372, 0.8536329645465289, 0.8659957679890571, 0.8782421212721049, 0.8782421212721049, 0.8637859628262154, 0.8492156564880293, 0.8345310537241799, 0.8197323030680337, 0.8048193302529075, 0.7900615005392829, 0.7751934590675786, 0.7602152801044781, 0.7451268893832982, 0.7296170352341522, 0.7139925133259263, 0.6982532493919369, 0.682399243432184, 0.6664304954466679, 0.6503470797020716, 0.6341489961983953, 0.6178361335356138, 0.6014085659804106, 0.5848662935327857, 0.5682093161927391, 0.5514376339602707, 0.534551209702039, 0.517550117684727, 0.49871638385592604, 0.47974384559595873, 0.46063250290482527, 0.4413823557825256, 0.4219934413624013, 0.404246674710994, 0.3863852031671649, 0.3684090267309141, 0.35031810826889986, 0.33211252204780556, 0.31379219380094786, 0.29535716066166845, 0.2749461324453789, 0.2543962812312523, 0.23370764415263032, 0.21288020264284213, 0.1919139567018877, 0.1708089248964379, 0.14956507009315104, 0.12818241085869794, 0.10666095647641405, 0.08500069766296393, 0.0635921239976922, 0.042049661427357936, 0.020373305310293445, -0.0014369397118335716, -0.0008538386551918018, 0.0005056096834481025, 0.0005056096834481025, -0.0005684920965256337, -7.252605795118421e-11]
roots = [4, 0.0, 0.0, 0.0, 0.0, 0.0, 0.0, 0.0, 0.0, 0.0, 0.0, 0.0, 0.0, 0.0, 0.0, 0.0, 0.0, 0.0, 0.0, 0.0, 0.0, 0.0, 0.0, 0.0, 0.0, 0.0, 0.0, 0.0, 0.0, 0.0, 0.0, 0.0, 0.0, 0.0, 0.0, 0.0, 0.0, 0.0, 0.0, 0.0, 0.0, 0.0, 0.0, 0.0, 0.0, 0.0, 0.0, 0.0, 0.0, 0.0, 0.0, 0.0, 0.0, 0.0, 0.0, 0.0, 0.0, 0.0, 0.0, 4.0, 4.0, 0.0, 0.0, 0.0, 0.0, 0.0, 0.0, 0.0, 0.0, 0.0, 0.0, 0.0, 0.0, 0.0, 0.0, 0.0, 0.0, 0.0, 0.0, 0.0, 0.0, 0.0, 0.0, 0.0, 0.0, 0.0, 0.0, 0.0, 0.0, 0.0, 0.0, 0.0, 0.0, 0.0, 0.0, 0.0, 0.0, 0.0, 0.0, 0.0, 0.0, 0.0, 0.0, 0.0, 0.0, 0.0, 0.0, 0.0, 0.0, 4.0, 0.0, 0.0, 0.0, 0.0, 4]
tipx = [1.0, 0.9977748959003899, 0.9955561787355474, 0.9933436257054221, 0.9911374596100643, 0.9889374576494239, 0.9867437683568675, 0.9846812340270931, 0.9826241954318861, 0.980572801104613, 0.9785269025119072, 0.9764866481871354, 0.9742161671440034, 0.9719525929024222, 0.9696959254623918, 0.9674463133572789, 0.9652035337870335, 0.9629678095517055, 0.9607389921179283, 0.958517081485702, 0.9563021519217099, 0.9540941291592685, 0.9518930874650613, 0.9496990268390881, 0.9475118730146659, 0.9453316259917944, 0.9431583600371571, 0.9409920751507539, 0.9388637405395386, 0.9367421641965072, 0.935699162895652, 0.9332695283501181, 0.931101312529948, 0.9289358445770617, 0.9267731244914589, 0.9244303819654351, 0.922090832906795, 0.9197544773155386, 0.9174214637250326, 0.9150916436019104, 0.9127650912128551, 0.9104417322911836, 0.9081217153702625, 0.9056946058919622, 0.9032710612144623, 0.9008511556044462, 0.8984347405285471, 0.8960219645201317, 0.8936126790458335, 0.8912069583723358, 0.8888048024996383, 0.8864062114277413, 0.8840112594233281, 0.8816197979530319, 0.8792319012835362, 0.8769837002454068, 0.8747386926746611, 0.8724968785712991, 0.8702581836686375, 0.8680226822333595, 0.1418219979104326, 0.13872713811553342, 0.13564453232338566, 0.13257418053398934, 0.12951607346400903, 0.12647022968011556, 0.12349069676111112, 0.12052299081142887, 0.11756710254773342, 0.11462303197002478, 0.11163105938156054, 0.10865139649586023, 0.10568404331292386, 0.102728990549416, 0.0997862474886721, 0.09685581413069214, 0.09393769047547611, 0.09103186723968859, 0.08813835370666502, 0.08525714987640538, 0.08238825574890969, 0.07953166204084251, 0.07668737803553928, 0.07385539909133228, 0.07075444014506363, 0.06766837166880506, 0.06459719366255655, 0.06154090612631812, 0.058499513701757475, 0.055747533900512944, 0.05300785916036464, 0.05028049412298028, 0.04756543414669215, 0.044862679231500245, 0.04217223401907228, 0.03949409850940825, 0.036562358521968236, 0.033645513646206, 0.030743559240453834, 0.0278564976255456, 0.02498432648064744, 0.022127048126593205, 0.019284660242549045, 0.016457163988931888, 0.013644559365741729, 0.010846846372978572, 0.008113588158229329, 0.0053946941644136635, 0.002690164971740042, 0.0, 0.4057937147808821, 0.4057937147808821, 0.6043730599685644, 0.6043730599685644, 1.0]
tipy = [7.252605795118421e-11, 0.017121479398900134, 0.03412762503193003, 0.051018435666146715, 0.06779391014113324, 0.08445404845688964, 0.10099885525508359, 0.11649261210061512, 0.1318838345064576, 0.147172522472611, 0.16235869456574617, 0.17744231365252144, 0.1941556594052247, 0.2107412850292505, 0.22719919052459886, 0.24352939445794067, 0.25973189682927583, 0.2758066605052628, 0.29175372261924315, 0.3075730646045461, 0.32326472359451325, 0.33882864388913214, 0.35426482548840277, 0.3695733426590085, 0.38475412113426594, 0.39980719804751685, 0.41473253626541945, 0.42953021005465714, 0.4439897847679803, 0.45832533412012233, 0.46534424122943424, 0.48161952495044463, 0.49605611412527345, 0.5103912178773155, 0.5246248733399121, 0.5399495806474864, 0.5551549042615884, 0.5702408441822182, 0.5852074375427173, 0.6000546472097441, 0.6147824731832986, 0.6293909525967225, 0.6438800111833325, 0.6589310457627914, 0.673851073912835, 0.6886400956334634, 0.7032981109246764, 0.7178250455197909, 0.7322210479521732, 0.7464860439551404, 0.7606199592620088, 0.7746229424061453, 0.7884948448541831, 0.8022357408728057, 0.8158457047286962, 0.8285579329163485, 0.8411536366778372, 0.8536329645465289, 0.8659957679890571, 0.8782421212721049, 0.8782421212721049, 0.8637859628262154, 0.8492156564880293, 0.8345310537241799, 0.8197323030680337, 0.8048193302529075, 0.7900615005392829, 0.7751934590675786, 0.7602152801044781, 0.7451268893832982, 0.7296170352341522, 0.7139925133259263, 0.6982532493919369, 0.682399243432184, 0.6664304954466679, 0.6503470797020716, 0.6341489961983953, 0.6178361335356138, 0.6014085659804106, 0.5848662935327857, 0.5682093161927391, 0.5514376339602707, 0.534551209702039, 0.517550117684727, 0.49871638385592604, 0.47974384559595873, 0.46063250290482527, 0.4413823557825256, 0.4219934413624013, 0.404246674710994, 0.3863852031671649, 0.3684090267309141, 0.35031810826889986, 0.33211252204780556, 0.31379219380094786, 0.29535716066166845, 0.2749461324453789, 0.2543962812312523, 0.23370764415263032, 0.21288020264284213, 0.1919139567018877, 0.1708089248964379, 0.14956507009315104, 0.12818241085869794, 0.10666095647641405, 0.08500069766296393, 0.0635921239976922, 0.042049661427357936, 0.020373305310293445, -0.0014369397118335716, -0.0008538386551918018, 0.0005056096834481025, 0.0005056096834481025, -0.0005684920965256337, -7.252605795118421e-11]
tips = [4, 0.0, 0.0, 0.0, 0.0, 0.0, 0.0, 0.0, 0.0, 0.0, 0.0, 0.0, 0.0, 0.0, 0.0, 0.0, 0.0, 0.0, 0.0, 0.0, 0.0, 0.0, 0.0, 0.0, 0.0, 0.0, 0.0, 0.0, 0.0, 0.0, 0.0, 0.0, 0.0, 0.0, 0.0, 0.0, 0.0, 0.0, 0.0, 0.0, 0.0, 0.0, 0.0, 0.0, 0.0, 0.0, 0.0, 0.0, 0.0, 0.0, 0.0, 0.0, 0.0, 0.0, 0.0, 0.0, 0.0, 0.0, 0.0, 4.0, 4.0, 0.0, 0.0, 0.0, 0.0, 0.0, 0.0, 0.0, 0.0, 0.0, 0.0, 0.0, 0.0, 0.0, 0.0, 0.0, 0.0, 0.0, 0.0, 0.0, 0.0, 0.0, 0.0, 0.0, 0.0, 0.0, 0.0, 0.0, 0.0, 0.0, 0.0, 0.0, 0.0, 0.0, 0.0, 0.0, 0.0, 0.0, 0.0, 0.0, 0.0, 0.0, 0.0, 0.0, 0.0, 0.0, 0.0, 0.0, 0.0, 4.0, 0.0, 0.0, 0.0, 0.0, 4]
nameroot = tail.dxf
nametip = tail.dxf

[Transform]
croot = 51.4
ctip = 51.4
incidenceroot = 0.0
thicknessroot = 100.0
tethicknessroot = 0.0
vinvertroot = 0
incidencetip = 0.0
thicknesstip = 100.0
tethicknesstip = 0.0
vinverttip = 0
covering = 0.0
smooth = 1
nbrpoints = 101
repartition = 1.0
reducepoints = 0

[Bloc]
bloclx = 154.0
blochz = 150.0
fleading = 0.0
ftrailing = 0.0
mleading = 5.0
mtrailing = 10.0
cbcutboth = 0
cbrotdelta = 0
rbleftwing = 1
rbrightwing = 0
rbtabletoblockleft = 0
rbtabletoblockright = 1
bloctotableleft = 326.0
bloctotableright = 370.0
bloctotabletrailingroot = 10.0
hoffset = 2.0
hprofileroot = 10.0
hprofiletip = 10.0
cbalignprofiles = 3
angleinroot = 0.0
angleintip = 0.0
angleoutroot = 0.0
angleouttip = 0.0
gbextracutcmdsactive = 0
extracutcommands = X; LE;=; 0;=; 0;=; 8;=; 1;=; 8;=; 2;=; 10;=
	L; TE;=; 90;=; 5;=

[Material]
mspeednorm = 3.5
mspeedhalf = 1.8
mspeedmin = 0.5
mspeedmax = 6.0
mradspnorm = 1.0
mradsphalf = 3.0
mheatspnorm = 80.0
mname = Yellow foam 40 kg/m3
mhotwire = NiCr, 800 mm x 0.3 mm, 24 V

[Table]
tableyy = 850.0
tableyg = 0.0
tableyd = 0.0
maxdiag = 1000.0
cmaxy = 660.0
cmaxz = 360.0
vmaxy = 16.0
vmaxz = 16.0
theatingmax = 100.0
tsvaluemin = 0.0
tsvaluemax = 1000.0
tname = My CNC
tcomport = Select port
tbaudrate = 115200
tpreheat = 4.0
tpostheat = 4.0
vcut = 3.5
gcodestart1 = 
gcodestart2 = 
gcodestart3 = 
gcodestart4 = 
gcodeend1 = 
gcodeend2 = 
gcodeend3 = 
gcodeend4 = 
gcodeletters = XYAZ

[Cut]
vcut = 3.5
vheat = 80.0
vusefoamparam = 1

[Guillotine]
gcuttingspeed = 3.5
gheating = 80.0
gusefoamparam = 1

