[Profil]
rootx = [1.0, 0.9998257771326237, 0.9936387168524882, 0.9874526331579321, 0.9812675260489555, 0.9750832978670003, 0.9688999486120669, 0.9628278324546342, 0.9567564975656652, 0.9506859439451596, 0.9446160739345598, 0.9373909031834542, 0.9301666113593701, 0.9229431984623074, 0.9157206644922663, 0.9084988141321308, 0.901277745040459, 0.8916075946326075, 0.8819385184688935, 0.8722703212322009, 0.8626029052639721, 0.8529363682227646, 0.8432704171329048, 0.8336051496529507, 0.8239404681243443, 0.8084780909861347, 0.7930168857506202, 0.7775566082714064, 0.7620970144020982, 0.7466379576548586, 0.7263944616659886, 0.7061516004577452, 0.6859094228594074, 0.6629079027062944, 0.6399074079680399, 0.6169081339617597, 0.5939101783460117, 0.5709135411207961, 0.5479184176032286, 0.5262387548611989, 0.5045605569975384, 0.4828839216708051, 0.46120884888099895, 0.43953528979884093, 0.41654983447851013, 0.39356594169510645, 0.3705836358632694, 0.34760284373908057, 0.3246235164932609, 0.3016456297111709, 0.2745662788124485, 0.2474887345970481, 0.22041297265033022, 0.1933388953137369, 0.16571403591764572, 0.1380908977536383, 0.1104694441997555, 0.08284963863403803, 0.05523145664184642, 0.027614867704881307, 0.0, 0.0, 0.07885760703524439, 0.10023723216896337, 0.1299665602448808, 0.15639507789148924, 0.17185295052871366, 0.18788443291335596, 0.21834996002835222, 0.2502799626709928, 0.2731285251077223, 0.3061975439263311, 0.329044324094378, 0.408760026359998, 0.4904978223118164, 0.5614534542710873, 0.6022521235365133, 0.6430516228996818, 0.6969082179481195, 0.7387143817265994, 0.7708050326970618, 0.7923025622285215, 0.8276810838693649, 0.8420090591984694, 0.8516079188590199, 0.8647864529610954, 0.8831587621504337, 0.8939130202100479, 0.8999361117713914, 0.9059597892840827, 0.9146261073748032, 0.9231091203522583, 0.9291877796330733, 0.9352671225237941, 0.94134763731721, 0.9474292263547635, 0.9535119872950123, 0.9586223619737888, 0.963733517921029, 0.9688454551367327, 0.973958271279458, 0.9791650349549277, 0.9843727752159768, 0.9895813944040475, 0.9947905018849078, 1.0]
rooty = [0.0, 0.03328033362702517, 0.033535173633986275, 0.033809008230467945, 0.03410100731872765, 0.03441038963030181, 0.034736337274767624, 0.03507181883595296, 0.03542175386371436, 0.035785373296907994, 0.03616192028170978, 0.03662599374907102, 0.03710602218333676, 0.03760071160861419, 0.03810880467096976, 0.03862899518719095, 0.03916000138870469, 0.039885885242600456, 0.04062579530688128, 0.04137663092233235, 0.04213613373480116, 0.042903559097783366, 0.04367839430384976, 0.04446010223093163, 0.045248157964280014, 0.04652092974267556, 0.047806433755563364, 0.04910249710002912, 0.05040695908047827, 0.0517176467939965, 0.05344118606123309, 0.05517306292785435, 0.05691383893056848, 0.05890354659748795, 0.06090637713313147, 0.06292317284256131, 0.06495480044547927, 0.06700210224694764, 0.06906593275934841, 0.0710277344933347, 0.07300571092598086, 0.07500049683791356, 0.07701193353397609, 0.07903954492869851, 0.08120712545159758, 0.08339172297821883, 0.0855927149352553, 0.08780950316403961, 0.0900414772985846, 0.09228805138754256, 0.09495370276328796, 0.097637774984526, 0.10033943795351413, 0.10305817896282314, 0.10584963897584299, 0.10865807937062576, 0.11148308509830017, 0.11432422890267524, 0.11718109573487967, 0.12005328275336194, 0.12294115617771435, -0.013446924233951623, -0.08320653793771299, -0.08129312716362536, -0.07861400157723454, -0.07621410355230075, -0.0748025917702352, -0.07333287014693121, -0.07052431607148334, -0.06756031398642429, -0.06542746939185477, -0.06232458691894867, -0.06017339777463491, -0.052649577997839404, -0.0449357299264299, -0.03825602189524401, -0.034423869563128345, -0.030599795424852815, -0.025565661561532997, -0.021670891782794084, -0.018691530600625523, -0.01670160320195067, -0.01343880636632233, -0.012128503183376013, -0.011258920865122007, -0.01007758191160377, -0.008452976867226744, -0.007516516747759078, -0.0070003729580327976, -0.006491944194384282, -0.005776418251290705, -0.00508510552690796, -0.0045960925053111605, -0.0041162532845014504, -0.0036504646887162762, -0.0032001732853452203, -0.0027648907815985497, -0.002410347490634056, -0.0020655883664438164, -0.0017324200923498386, -0.001412966741987457, -0.0011039689609852108, -0.000811512098235134, -0.0005323551103453813, -0.00026301280752924044, 0.0]
roots = [4, 4, 0.0, 0.0, 0.0, 0.0, 0.0, 0.0, 0.0, 0.0, 0.0, 0.0, 0.0, 0.0, 0.0, 0.0, 0.0, 0.0, 0.0, 0.0, 0.0, 0.0, 0.0, 0.0, 0.0, 0.0, 0.0, 0.0, 0.0, 0.0, 0.0, 0.0, 0.0, 0.0, 0.0, 0.0, 0.0, 0.0, 0.0, 0.0, 0.0, 0.0, 0.0, 0.0, 0.0, 0.0, 0.0, 0.0, 0.0, 0.0, 0.0, 0.0, 0.0, 0.0, 0.0, 0.0, 0.0, 0.0, 0.0, 0.0, 4.0, 4, 4, 0.0, 0.0, 0.0, 0.0, 0.0, 0.0, 0.0, 0.0, 0.0, 0.0, 0.0, 0.0, 0.0, 0.0, 0.0, 0.0, 0.0, 0.0, 0.0, 0.0, 0.0, 0.0, 0.0, 0.0, 0.0, 0.0, 0.0, 0.0, 0.0, 0.0, 0.0, 0.0, 0.0, 0.0, 0.0, 0.0, 0.0, 0.0, 0.0, 0.0, 0.0, 0.0, 4]
tipx = [1.0, 0.998756991295363, 0.9908783075145201, 0.9829995119824676, 0.9751218339625113, 0.9672452734546512, 0.9593697187076777, 0.9514952814728005, 0.9436218499988098, 0.9349621370139116, 0.9263035415411095, 0.9176460077047989, 0.9089895355049797, 0.9003340131904423, 0.8906748532622805, 0.8810168108462147, 0.8713598300666406, 0.8617037432967434, 0.8520484946609184, 0.8423940841591655, 0.83274045591588, 0.8230874423042474, 0.807643872139183, 0.7922015871130293, 0.7767603078477622, 0.6576553098754879, 0.6300875716003969, 0.6025211743398213, 0.5749562857205757, 0.5473931292450792, 0.5257376445906995, 0.5040833891996256, 0.4824304189474623, 0.4607787897098145, 0.4391283617976702, 0.4161671201344501, 0.3932071636101407, 0.3702484642869396, 0.34729096628924183, 0.3243346137414428, 0.30137935076793754, 0.274326254750963, 0.2472745276863063, 0.2202240997294615, 0.19317490103592252, 0.16097506115305568, 0.12877688356943198, 0.096580305424996, 0.06438528481304413, 0.032191755381295685, 0.0, 7.228815384716655e-11, 0.09037061897542245, 0.11760380206670452, 0.14483586764589038, 0.1801260335729689, 0.20108606251206215, 0.24163218117463708, 0.26196525788994274, 0.3028057152697635, 0.3476831012838091, 0.4262528623675455, 0.5397457145925512, 0.5787271626624905, 0.6177091694884779, 0.6566920144485374, 0.708150485072888, 0.75027197450642, 0.7749975442671685, 0.795538478232373, 0.8271512191665841, 0.8387986566163589, 0.8479702460169355, 0.8571423382979553, 0.872266244127893, 0.8861140628951453, 0.8963894189931685, 0.9021441034083113, 0.9078991789526878, 0.9171192683782408, 0.9263850081729247, 0.9333538136050169, 0.9403232895443668, 0.9472935477421841, 0.9542644764472592, 0.9616589422368055, 0.9690543020360288, 0.9764507793473484, 0.9838481506683449, 0.9912466395014377, 1.0]
tipy = [0.0, 0.0322049455162565, 0.032569505899849235, 0.03295415356337171, 0.033358169108411974, 0.03378087504326169, 0.034221607845113716, 0.034679710975611525, 0.035154520911947984, 0.03569529898421503, 0.036254599819477096, 0.036831536392507795, 0.037425221678080746, 0.038034775635420175, 0.03873272479957141, 0.039448100167973246, 0.040179679461770416, 0.040926219448755866, 0.041686504834524955, 0.04245929238687062, 0.043243359826937604, 0.04403747789142007, 0.04532588552496639, 0.046631831113972934, 0.04795027188510545, 0.058187031909105145, 0.06056494399197, 0.06295313718612018, 0.06535525737476963, 0.0677749225033299, 0.06969077127220594, 0.07162145501415944, 0.07356855221502631, 0.07553206287480657, 0.07751114885942804, 0.07962634781737037, 0.08175721988246232, 0.08390281516942209, 0.08606218379296793, 0.08823436189891679, 0.09041839960198689, 0.09300634808333824, 0.09560786036775759, 0.09822166528523546, 0.1008473717065382, 0.10398847470662234, 0.10714580956990424, 0.11031906898055742, 0.1135079037160518, 0.11671197852275852, 0.11993094417814752, 0.015379383064037131, -0.06596972140088188, -0.06399542762242932, -0.06200621112873862, -0.05940755286544629, -0.05785374003779873, -0.0548278342006531, -0.05330117822652842, -0.05021808458091453, -0.04680774148682079, -0.04080845986550295, -0.032128315616482814, -0.0291528488624118, -0.026184516724630156, -0.023225840589805005, -0.019335257149032194, -0.016167990396995055, -0.014323019832822425, -0.012801300119160315, -0.010483506694847341, -0.009638489446606892, -0.008979513516811685, -0.008327354410803482, -0.007268612974158986, -0.00631628313465272, -0.005621071875137245, -0.005238561453498813, -0.004862330052951076, -0.004275433653362723, -0.0037019613678303358, -0.0032804358051322638, -0.0028690796025098875, -0.002469513152502741, -0.002083356847650358, -0.0016902510144495432, -0.0013155142863305138, -0.0009601105174762688, -0.0006249826087180024, -0.000311073460886909, 0.0]
tips = [4, 4, 0.0, 0.0, 0.0, 0.0, 0.0, 0.0, 0.0, 0.0, 0.0, 0.0, 0.0, 0.0, 0.0, 0.0, 0.0, 0.0, 0.0, 0.0, 0.0, 0.0, 0.0, 0.0, 0.0, 0.0, 0.0, 0.0, 0.0, 0.0, 0.0, 0.0, 0.0, 0.0, 0.0, 0.0, 0.0, 0.0, 0.0, 0.0, 0.0, 0.0, 0.0, 0.0, 0.0, 0.0, 0.0, 0.0, 0.0, 0.0, 4.0, 4, 4, 0.0, 0.0, 0.0, 0.0, 0.0, 0.0, 0.0, 0.0, 0.0, 0.0, 0.0, 0.0, 0.0, 0.0, 0.0, 0.0, 0.0, 0.0, 0.0, 0.0, 0.0, 0.0, 0.0, 0.0, 0.0, 0.0, 0.0, 0.0, 0.0, 0.0, 0.0, 0.0, 0.0, 0.0, 0.0, 0.0, 0.0, 4]
nameroot = elev_root.dxf
nametip = elev_mid.dxf

[Transform]
croot = 39.1
ctip = 34.1
incidenceroot = 0.0
thicknessroot = 100.0
tethicknessroot = 0.0
vinvertroot = 0
incidencetip = 0.0
thicknesstip = 100.0
tethicknesstip = 0.0
vinverttip = 0
covering = 0.0
smooth = 1
nbrpoints = 101
repartition = 1.0
reducepoints = 0

[Bloc]
bloclx = 128.2
blochz = 50.0
fleading = 32.2
ftrailing = 27.2
mleading = 5.0
mtrailing = 10.0
cbcutboth = 0
cbrotdelta = 0
rbleftwing = 0
rbrightwing = 1
rbtabletoblockleft = 1
rbtabletoblockright = 0
bloctotableleft = 200.0
bloctotableright = 531.8
bloctotabletrailingroot = 200.0
hoffset = 10.0
hprofileroot = 10.6
hprofiletip = 10.0
cbalignprofiles = 0
angleinroot = 0.0
angleintip = 0.0
angleoutroot = 0.0
angleouttip = 0.0
gbextracutcmdsactive = 0
extracutcommands = X; LE;=; 0;=; 0;=; 8;=; 1;=; 8;=; 2;=; 10;=
	L; TE;=; 90;=; 5;=

[Material]
mspeednorm = 3.5
mspeedhalf = 1.8
mspeedmin = 0.5
mspeedmax = 6.0
mradspnorm = 1.0
mradsphalf = 3.0
mheatspnorm = 80.0
mname = Yellow foam 40 kg/m3
mhotwire = NiCr, 800 mm x 0.3 mm, 24 V

[Table]
tableyy = 860.0
tableyg = 0.0
tableyd = 0.0
maxdiag = 1000.0
cmaxy = 660.0
cmaxz = 360.0
vmaxy = 60.0
vmaxz = 60.0
theatingmax = 100.0
tsvaluemin = 0.0
tsvaluemax = 1000.0
tname = My CNC
tcomport = Select port
tbaudrate = 115200
tpreheat = 4.0
tpostheat = 4.0
vcut = 3.5
gcodestart1 = 
gcodestart2 = 
gcodestart3 = 
gcodestart4 = 
gcodeend1 = 
gcodeend2 = 
gcodeend3 = 
gcodeend4 = 
gcodeletters = XYAZ

[Cut]
vcut = 3.5
vheat = 80.0
vusefoamparam = 1

[Guillotine]
gcuttingspeed = 3.5
gheating = 80.0
gusefoamparam = 1

