[Profil]
rootx = [1.0, 0.998756991295363, 0.9908783075145201, 0.9829995119824676, 0.9751218339625113, 0.9672452734546512, 0.9593697187076777, 0.9514952814728005, 0.9436218499988098, 0.9349621370139116, 0.9263035415411095, 0.9176460077047989, 0.9089895355049797, 0.9003340131904423, 0.8906748532622805, 0.8810168108462147, 0.8713598300666406, 0.8617037432967434, 0.8520484946609184, 0.8423940841591655, 0.83274045591588, 0.8230874423042474, 0.807643872139183, 0.7922015871130293, 0.7767603078477622, 0.6576553098754879, 0.6300875716003969, 0.6025211743398213, 0.5749562857205757, 0.5473931292450792, 0.5257376445906995, 0.5040833891996256, 0.4824304189474623, 0.4607787897098145, 0.4391283617976702, 0.4161671201344501, 0.3932071636101407, 0.3702484642869396, 0.34729096628924183, 0.3243346137414428, 0.30137935076793754, 0.274326254750963, 0.2472745276863063, 0.2202240997294615, 0.19317490103592252, 0.16097506115305568, 0.12877688356943198, 0.096580305424996, 0.06438528481304413, 0.032191755381295685, 0.0, 7.228815384716655e-11, 0.09037061897542245, 0.11760380206670452, 0.14483586764589038, 0.1801260335729689, 0.20108606251206215, 0.24163218117463708, 0.26196525788994274, 0.3028057152697635, 0.3476831012838091, 0.4262528623675455, 0.5397457145925512, 0.5787271626624905, 0.6177091694884779, 0.6566920144485374, 0.708150485072888, 0.75027197450642, 0.7749975442671685, 0.795538478232373, 0.8271512191665841, 0.8387986566163589, 0.8479702460169355, 0.8571423382979553, 0.872266244127893, 0.8861140628951453, 0.8963894189931685, 0.9021441034083113, 0.9078991789526878, 0.9171192683782408, 0.9263850081729247, 0.9333538136050169, 0.9403232895443668, 0.9472935477421841, 0.9542644764472592, 0.9616589422368055, 0.9690543020360288, 0.9764507793473484, 0.9838481506683449, 0.9912466395014377, 1.0]
rooty = [0.0, 0.0322049455162565, 0.032569505899849235, 0.03295415356337171, 0.033358169108411974, 0.03378087504326169, 0.034221607845113716, 0.034679710975611525, 0.035154520911947984, 0.03569529898421503, 0.036254599819477096, 0.036831536392507795, 0.037425221678080746, 0.038034775635420175, 0.03873272479957141, 0.039448100167973246, 0.040179679461770416, 0.040926219448755866, 0.041686504834524955, 0.04245929238687062, 0.043243359826937604, 0.04403747789142007, 0.04532588552496639, 0.046631831113972934, 0.04795027188510545, 0.058187031909105145, 0.06056494399197, 0.06295313718612018, 0.06535525737476963, 0.0677749225033299, 0.06969077127220594, 0.07162145501415944, 0.07356855221502631, 0.07553206287480657, 0.07751114885942804, 0.07962634781737037, 0.08175721988246232, 0.08390281516942209, 0.08606218379296793, 0.08823436189891679, 0.09041839960198689, 0.09300634808333824, 0.09560786036775759, 0.09822166528523546, 0.1008473717065382, 0.10398847470662234, 0.10714580956990424, 0.11031906898055742, 0.1135079037160518, 0.11671197852275852, 0.11993094417814752, 0.015379383064037131, -0.06596972140088188, -0.06399542762242932, -0.06200621112873862, -0.05940755286544629, -0.05785374003779873, -0.0548278342006531, -0.05330117822652842, -0.05021808458091453, -0.04680774148682079, -0.04080845986550295, -0.032128315616482814, -0.0291528488624118, -0.026184516724630156, -0.023225840589805005, -0.019335257149032194, -0.016167990396995055, -0.014323019832822425, -0.012801300119160315, -0.010483506694847341, -0.009638489446606892, -0.008979513516811685, -0.008327354410803482, -0.007268612974158986, -0.00631628313465272, -0.005621071875137245, -0.005238561453498813, -0.004862330052951076, -0.004275433653362723, -0.0037019613678303358, -0.0032804358051322638, -0.0028690796025098875, -0.002469513152502741, -0.002083356847650358, -0.0016902510144495432, -0.0013155142863305138, -0.0009601105174762688, -0.0006249826087180024, -0.000311073460886909, 0.0]
roots = [4, 0, 0, 0, 0, 0, 0, 0, 0, 0, 0, 0, 0, 0, 0, 0, 0, 0, 0, 0, 0, 0, 0, 0, 0, 0, 0, 0, 0, 0, 0, 0, 0, 0, 0, 0, 0, 0, 0, 0, 0, 0, 0, 0, 0, 0, 0, 0, 0, 0, 4, 0, 0, 0, 0, 0, 0, 0, 0, 0, 0, 0, 0, 0, 0, 0, 0, 0, 0, 0, 0, 0, 0, 0, 0, 0, 0, 0, 0, 0, 0, 0, 0, 0, 0, 0, 0, 0, 0, 0, 4]
tipx = [1.0, 0.9993224197691487, 0.9941764832855314, 0.9890293618758328, 0.9838811213692795, 0.9787317617658716, 0.9735814147240627, 0.9684300802438526, 0.9635722782856831, 0.9587138180352465, 0.9538545678340887, 0.9489947909991172, 0.9441343558718781, 0.9379341643219942, 0.9317331828213893, 0.9255316088577438, 0.9193295082602843, 0.9131270126874643, 0.9069243196269642, 0.9007213632495571, 0.8934845588661732, 0.8862478861412428, 0.8790114109039926, 0.8717754623005564, 0.8645401061601607, 0.8573053424828059, 0.8487793385229145, 0.8402541903429709, 0.8317298979429749, 0.8232063954936998, 0.8145287868246226, 0.805852033935493, 0.7971760709970843, 0.7885010296678501, 0.7798268441185634, 0.7713084105197474, 0.7627907668716523, 0.7542739790035048, 0.7457579810860783, 0.7356210701185933, 0.725485278247963, 0.7153506713034141, 0.7052173151141732, 0.695085078021787, 0.684954025855482, 0.6739033393915971, 0.6628541011707004, 0.6518062453635652, 0.6407597719701917, 0.6297147468198065, 0.6186711699124096, 0.6076289754187743, 0.5954841413772172, 0.5833410847247822, 0.5711997396322424, 0.5590601060995979, 0.5469221512122353, 0.5347859407993815, 0.5226514090318094, 0.5105186217387461, 0.49838757892019137, 0.48625821474691855, 0.47434707446029417, 0.46243748116049815, 0.450529467762144, 0.4386229355213915, 0.42319575749065835, 0.40777094931208785, 0.3923483793272266, 0.3769280146214612, 0.3615096906217248, 0.346368639325024, 0.33122939833205856, 0.3160919018136018, 0.30095608394042694, 0.28293931578813286, 0.26492462125648114, 0.2469118686870183, 0.22890094287859755, 0.21089164634353863, 0.19288388033800147, 0.16876846221807235, 0.14465513417609227, 0.1205435835232342, 0.09643343997009773, 0.04821598352057469, 0.0, 0.0, 0.10653315742447364, 0.2934140294326423, 0.386857201463963, 0.496986897548197, 0.5520494909392981, 0.6071095828197831, 0.6482201982368169, 0.6893305503369436, 0.7304413632416575, 0.7719728249052503, 0.7996608609896726, 0.8135040232519362, 0.8273457372712113, 0.8381963028858019, 0.8490452885989507, 0.8598924969229774, 0.8707375328825216, 0.8815801331606764, 0.8900975134918646, 0.8986129847754772, 0.9071265470115144, 0.9156380027122958, 0.924147220219368, 0.9312364354763972, 0.9383238733443044, 0.9454095338230896, 0.9524932852542993, 0.9595749959794799, 0.9666547318278584, 0.973327840542654, 0.9799990402098742, 0.9866681991710652, 0.9933351857677738, 1.0]
tipy = [0.0, 0.025876234734120034, 0.025543295191221067, 0.025235411897750623, 0.024951910104134594, 0.024692115060798887, 0.024455352018169393, 0.024240937998018672, 0.02405864864051785, 0.023895071240718328, 0.02374962156423277, 0.02362175651994056, 0.02351089187345437, 0.02339326327392048, 0.0233012093289757, 0.023233553341192027, 0.023189110384488107, 0.02316672021874262, 0.023165197917874223, 0.0231833667844549, 0.023227892027692248, 0.02329575373180949, 0.02338509222115118, 0.02349403959140852, 0.023621254572086657, 0.023766243443985022, 0.02395940285255155, 0.02417603038045146, 0.024415459506763985, 0.024677023710568374, 0.024965413324269964, 0.025275362009729428, 0.025606178560065977, 0.025957147082438795, 0.026327584598620443, 0.026709673887935353, 0.02710919969368344, 0.027525487266290612, 0.027957886542142783, 0.028492962954405163, 0.029049713639572212, 0.02962771070767011, 0.030226542726031726, 0.030845790033336578, 0.03148503296826419, 0.03220471098961669, 0.0329471494661151, 0.03371181353529214, 0.0344981436487205, 0.035305621401239606, 0.03613368724442214, 0.036981806315800836, 0.03793725171272836, 0.03891558922325528, 0.039916094725887426, 0.04093803587047731, 0.041980713221490794, 0.043043386200127036, 0.04412534714219857, 0.045225863697557885, 0.04634421997336418, 0.047479741220043344, 0.048611181054664526, 0.04975820595871678, 0.05092035512761292, 0.052097159528112405, 0.05364320829005884, 0.05521210802233796, 0.05680283837193526, 0.05841441190044962, 0.060045816483519886, 0.06166641684475118, 0.06330423977742874, 0.06495831430045815, 0.06662770234735832, 0.06863371637385497, 0.07065846704401296, 0.07270037445639048, 0.07475788339550575, 0.076829726648744, 0.07891462054618378, 0.08172516646730285, 0.08455386479769593, 0.08739768739293288, 0.0902536061085836, 0.09598968515263263, 0.10173792614632218, 0.028382847115373158, -0.06769590498104085, -0.05453933538220219, -0.04798512042239192, -0.040271241346995, -0.03640344101546585, -0.03251952692352836, -0.029604802136764037, -0.026674138448474903, -0.02372453651451755, -0.02072255097338057, -0.018703399901822293, -0.01767898604690293, -0.016637555336870863, -0.015805700198824015, -0.014957511183891905, -0.0140904086092516, -0.013201816906406837, -0.012289148163881334, -0.011553481869083969, -0.010800111626619785, -0.010027778452527352, -0.00923523982015192, -0.008421236745532055, -0.0077256069635735945, -0.007013478731663022, -0.006284127928306179, -0.005536830432008908, -0.0047708621212770525, -0.003985498874616454, -0.0032265989771059775, -0.0024492051812077835, -0.0016527126809011837, -0.0008365125558388187, 0.0]
tips = [4, 0, 0, 0, 0, 0, 0, 0, 0, 0, 0, 0, 0, 0, 0, 0, 0, 0, 0, 0, 0, 0, 0, 0, 0, 0, 0, 0, 0, 0, 0, 0, 0, 0, 0, 0, 0, 0, 0, 0, 0, 0, 0, 0, 0, 0, 0, 0, 0, 0, 0, 0, 0, 0, 0, 0, 0, 0, 0, 0, 0, 0, 0, 0, 0, 0, 0, 0, 0, 0, 0, 0, 0, 0, 0, 0, 0, 0, 0, 0, 0, 0, 0, 0, 0, 0, 4, 0, 0, 0, 0, 0, 0, 0, 0, 0, 0, 0, 0, 0, 0, 0, 0, 0, 0, 0, 0, 0, 0, 0, 0, 0, 0, 0, 0, 0, 0, 0, 0, 0, 0, 4]
nameroot = elev_mid.dxf
nametip = elev_tip.dxf

[Transform]
croot = 34.1
ctip = 29.0
incidenceroot = 0.0
thicknessroot = 100.0
tethicknessroot = 0.0
vinvertroot = 0
incidencetip = 0.0
thicknesstip = 100.0
tethicknesstip = 0.0
vinverttip = 0
covering = 0.0
smooth = 0
nbrpoints = 101
repartition = 1.0
reducepoints = 0

[Bloc]
bloclx = 272.0
blochz = 50.0
fleading = 68.5
ftrailing = 63.4
mleading = 5.0
mtrailing = 10.0
cbcutboth = 0
cbrotdelta = 0
rbleftwing = 0
rbrightwing = 1
rbtabletoblockleft = 1
rbtabletoblockright = 0
bloctotableleft = 200.0
bloctotableright = 388.0
bloctotabletrailingroot = 200.0
hoffset = 10.0
hprofileroot = 10.0
hprofiletip = 14.2
cbalignprofiles = 0
angleinroot = 0.0
angleintip = 0.0
angleoutroot = 0.0
angleouttip = 0.0
gbextracutcmdsactive = 0
extracutcommands = X; LE;=; 0;=; 0;=; 8;=; 1;=; 8;=; 2;=; 10;=
	L; TE;=; 90;=; 5;=

[Material]
mspeednorm = 3.5
mspeedhalf = 1.8
mspeedmin = 0.5
mspeedmax = 6.0
mradspnorm = 1.0
mradsphalf = 3.0
mheatspnorm = 80.0
mname = Yellow foam 40 kg/m3
mhotwire = NiCr, 800 mm x 0.3 mm, 24 V

[Table]
tableyy = 860.0
tableyg = 0.0
tableyd = 0.0
maxdiag = 1000.0
cmaxy = 660.0
cmaxz = 360.0
vmaxy = 60.0
vmaxz = 60.0
theatingmax = 100.0
tsvaluemin = 0.0
tsvaluemax = 1000.0
tname = My CNC
tcomport = Select port
tbaudrate = 115200
tpreheat = 4.0
tpostheat = 4.0
vcut = 3.5
gcodestart1 = 
gcodestart2 = 
gcodestart3 = 
gcodestart4 = 
gcodeend1 = 
gcodeend2 = 
gcodeend3 = 
gcodeend4 = 
gcodeletters = XYAZ

[Cut]
vcut = 3.5
vheat = 80.0
vusefoamparam = 1

[Guillotine]
gcuttingspeed = 3.5
gheating = 80.0
gusefoamparam = 1

