[Profil]
rootx = [1.0, 1.0, 0.9760718223186868, 0.9760718223186868, 0.9702536225628631, 0.9644357187781327, 0.958618209621527, 0.9528010950930459, 0.9469843751926895, 0.9411680499204578, 0.9353521192763506, 0.9295366819173994, 0.9237217378436039, 0.9184886729396096, 0.9132560026637399, 0.9080237270159948, 0.9027919446534055, 0.8975605569189409, 0.8923296624696321, 0.8870993599625103, 0.8818695507405443, 0.8766402348037342, 0.8714116094661422, 0.8670547176559089, 0.8626983191308315, 0.8583422165768476, 0.8539867059650508, 0.8496315899813784, 0.8452770659398932, 0.8409230351835637, 0.8365695963694213, 0.8322167494974657, 0.8278643959106661, 0.8235128315801157, 0.8191618591917522, 0.8156756156815351, 0.8121897667994425, 0.8087044605310215, 0.8052195982192406, 0.8017352785211311, 0.798251501436693, 0.7947682669659263, 0.791285575108831, 0.7878035245224383, 0.7843221152067481, 0.7808405579055112, 0.7773596912034925, 0.773879613757723, 0.7704003255682028, 0.7669218759634475, 0.7669218759634475, 0.7131175868490177, 0.7131175868490177, 0.7072622920494765, 0.7014066519503261, 0.6955507158800823, 0.6896944345102295, 0.6838379558263143, 0.6779811318427901, 0.6721241105452034, 0.6662668426050389, 0.6604093280222965, 0.6545515667969761, 0.6472291432870056, 0.639906374477426, 0.6325833096967529, 0.625259998273502, 0.6179348616951744, 0.610609478474269, 0.6032838486107857, 0.5959580214332401, 0.588145272478388, 0.580332276880958, 0.5725190839694656, 0.5647057430724266, 0.5568921555328096, 0.549078420007646, 0.5412644871684199, 0.5334503570151315, 0.5256360788762964, 0.5178216527519146, 0.5100065853568302, 0.502191369976199, 0.4943760559385367, 0.486560544586812, 0.4787449345780562, 0.4697271886445757, 0.4607092453970329, 0.45169115416394334, 0.44267291494530703, 0.43365447841260835, 0.42463594322287856, 0.415617260047602, 0.4065984535510365, 0.39757954839743986, 0.388560544586812, 0.3795414174548952, 0.3705222163302051, 0.36150296587699937, 0.3524676836562296, 0.3434323274426864, 0.33439687257211215, 0.32536134370876446, 0.31632574085264337, 0.307290064003749, 0.298254337826339, 0.2892185623204134, 0.28018276215022997, 0.271146912651531, 0.26211103848857426, 0.25307513966135975, 0.2440392408341452, 0.2440392408341452, 0.21259601178951523, 0.21259601178951523, 0.1171520921456671, 0.1171520921456671, 0.11838603263081306, 0.1196135234125467, 0.12082974262846995, 0.12202993007682916, 0.1232093625522574, 0.12436340317428998, 0.12548752605162228, 0.12657732861423868, 0.12762851928128352, 0.12863697912170577, 0.12959874952213002, 0.13051004451898532, 0.13136730012702091, 0.13216713734291952, 0.13290642380594161, 0.13358226146579685, 0.13419198658264375, 0.13473320672347666, 0.13520380076212557, 0.13560193121138503, 0.13592600722662754, 0.13617478326283466, 0.13634727274969477, 0.13644279742011864, 0.13646098731023937, 0.1364017684272836, 0.13626537508170036, 0.13605232522290323, 0.1357634820999149, 0.13539996793646486, 0.1349632009273761, 0.13445490757069392, 0.13387708567129944, 0.13323199200878047, 0.1325221670016895, 0.13175039771115687, 0.13091970550876197, 0.130033370740791, 0.1290948587354635, 0.12810784446719037, 0.12707622488870254, 0.12600403260614879, 0.12489549753974029, 0.12375494826671929, 0.12258687368200373, 0.1213958613375427, 0.12018657277805868, 0.11896378053743417, 0.11773226948168063, 0.11649687380532502, 0.11526245236715214, 0.1140338516938179, 0.1128158813155915, 0.11161332609848439, 0.11043092157999235, 0.1092732923084512, 0.10814500117155225, 0.10705046307144002, 0.10599398192109905, 0.10497970131583816, 0.10401160453329059, 0.103093502201285, 0.10222898296933, 0.10142145050500068, 0.10067407416542318, 0.09998978283121016, 0.09937127107252525, 0.09882095598663197, 0.09834101419428036, 0.09793331401299807, 0.09759946478560594, 0.09734077988383134, 0.09715826437617926, 0.09705264585825452, 0.09702433129031064, 0.09707343166150773, 0.09719976198991231, 0.09740281665823972, 0.0976818064102406, 0.09803563368644329, 0.0984629049562826, 0.09896194921629321, 0.09953079949191629, 0.10016722983388622, 0.1008687429861017, 0.10163257655169011, 0.10245573382332993, 0.10333498994931495, 0.10426689193355448, 0.10524776480163771, 0.10627378559360702, 0.10734089703905585, 0.10844493087841754, 0.10958154620232091, 0.1107462787801058, 0.11193455339195205, 0.11314170849313716, 0.11436300854616532, 0.1155936563528962, 0.1168288177188028, 0.1168288177188028, 0.002086079801206082, 0.002086079801206082, 0.0, 0.0, 1.0]
rooty = [0.0, 0.0003232793645282359, 0.0003232793645282359, 0.0388309080146457, 0.03848981982759197, 0.038142735142862844, 0.03778951830704048, 0.03743002441761034, 0.03706411473812237, 0.03669164128302982, 0.03631246839891484, 0.035926451183262896, 0.03553344781659171, 0.03517365179000364, 0.034807945590642445, 0.03443616273476804, 0.03405814907076922, 0.03367374119793813, 0.03328277879859913, 0.03288510772114103, 0.03248056148182374, 0.03206898592903606, 0.03165021457903791, 0.0312956350429726, 0.03093582360122341, 0.030570629185211372, 0.030199894560293074, 0.029823468657889544, 0.029441188077292915, 0.029052904832956444, 0.028658458607204493, 0.02825769833145809, 0.0278504636880416, 0.027436600525343822, 0.02701595469175357, 0.026673824439808175, 0.026327063473462555, 0.025975554637492203, 0.025619179235156497, 0.025257813945166484, 0.02489134161229766, 0.024519618875551617, 0.024142480792704375, 0.023759765504564184, 0.023371309610423177, 0.022976823305252317, 0.022576120065602057, 0.022168925501604472, 0.02175496214035942, 0.0213339586750312, 0.0003232793645282359, 0.0003232793645282359, 0.08182639445546998, 0.082126003526984, 0.08241915672902127, 0.08270602671138631, 0.08298679845601259, 0.08326163228057573, 0.08353071316700915, 0.08379418910085962, 0.08405222039980274, 0.0843049550493853, 0.08455254103515403, 0.08485502349270067, 0.08514996485342778, 0.08543763025810659, 0.0857182910135728, 0.08599225542304881, 0.08625970846846805, 0.08652087829421506, 0.08677599921073888, 0.08704170725991942, 0.08730101493420322, 0.08755401472455702, 0.08780078678981866, 0.08804141745489037, 0.08827597454648109, 0.08850450122704195, 0.08872704682508854, 0.08894367300126534, 0.08915442291802347, 0.08935937056813631, 0.0895585467819261, 0.08975199472184396, 0.08993975755034105, 0.09012187842986848, 0.09032508108374261, 0.0905209091245373, 0.09070941188076811, 0.09089063868095063, 0.09106462652147153, 0.09123143089691087, 0.09139109496971975, 0.09154366190234933, 0.09168917485725074, 0.091827689329004, 0.09195923614793135, 0.09208387080861283, 0.092201642639564, 0.09231276745304055, 0.09241706026710904, 0.09251453341389837, 0.09260521155766634, 0.09268910703054181, 0.09276623216465371, 0.09283661779032427, 0.09290027007361794, 0.0929572136787925, 0.09300745477191241, 0.0930510241832999, 0.09308793424508385, 0.0931181972893932, 0.0003232793645282359, 0.0003232793645282359, 0.0762939301261528, 0.0762939301261528, 0.05883261601449771, 0.05876833479263038, 0.05862690377239336, 0.05840887173352249, 0.05811510192504045, 0.057746747400998964, 0.057305251020478794, 0.056792351613654195, 0.05621005315147067, 0.05556064940990276, 0.05484668080750293, 0.05407096523572377, 0.05323653639827357, 0.05234667464143848, 0.05140486995769593, 0.05041482506874675, 0.049380424595193, 0.04830572889047349, 0.047194958625702686, 0.04605247012541288, 0.04488275536755423, 0.04369040190407583, 0.042480095943957935, 0.04125658227379306, 0.0400246704238504, 0.038789191505624744, 0.03755500129486866, 0.0363269401521736, 0.03510983302296988, 0.03390845860720449, 0.03272753086114769, 0.03157168666526416, 0.0304454642429874, 0.02935328774555865, 0.028299439504736835, 0.02728806311583082, 0.02632312335828047, 0.025408413903237247, 0.024547521858693598, 0.02374382931099909, 0.02300048866060261, 0.022320422622052374, 0.021706298018222017, 0.0211605273218267, 0.020685251698745886, 0.020282337924991123, 0.019953369137609357, 0.019699634044070158, 0.019522131546814057, 0.01942155686960753, 0.019398306182091346, 0.01945246889219999, 0.019583833812226135, 0.019791884534272282, 0.02007580559631522, 0.02043447939917381, 0.02086650162167008, 0.021370171971532577, 0.021943517308138035, 0.022584283934930817, 0.023289956097616263, 0.02405776523325735, 0.024884696136339146, 0.02576750083241383, 0.0267027155347779, 0.027686668352052746, 0.028715494703345768, 0.029785155816443722, 0.03089145260145772, 0.03203004414901658, 0.03319645389633125, 0.034386109706613786, 0.03559434078604502, 0.036816396181968025, 0.03804748486230691, 0.039282772632534685, 0.040517406799931, 0.04174654392087219, 0.0429653559668957, 0.044169061155022324, 0.045352927030788456, 0.046512313630697195, 0.0476426642331217, 0.04873954235469182, 0.04979864099939085, 0.05081580423978104, 0.05178703646610027, 0.05270852396748764, 0.05357665034714456, 0.0543880119374959, 0.055139420883222205, 0.05582791747338856, 0.056450813303895786, 0.05700565428109368, 0.057490257618167756, 0.05790273649939702, 0.058241456917702834, 0.05850509316922894, 0.058692615521212556, 0.05880328404591998, 0.058836660952775406, 0.0762939301261528, 0.0762939301261528, 0.0003232793645282359, 0.0003232793645282359, -4.869720574146467e-15, 0.0]
roots = [4, 0.0, 4.0, 4.0, 0.0, 0.0, 0.0, 0.0, 0.0, 0.0, 0.0, 0.0, 0.0, 0.0, 0.0, 0.0, 0.0, 0.0, 0.0, 0.0, 0.0, 0.0, 0.0, 0.0, 0.0, 0.0, 0.0, 0.0, 0.0, 0.0, 0.0, 0.0, 0.0, 0.0, 0.0, 0.0, 0.0, 0.0, 0.0, 0.0, 0.0, 0.0, 0.0, 0.0, 0.0, 0.0, 0.0, 0.0, 0.0, 4.0, 4.0, 4.0, 4.0, 0.0, 0.0, 0.0, 0.0, 0.0, 0.0, 0.0, 0.0, 0.0, 0.0, 0.0, 0.0, 0.0, 0.0, 0.0, 0.0, 0.0, 0.0, 0.0, 0.0, 0.0, 0.0, 0.0, 0.0, 0.0, 0.0, 0.0, 0.0, 0.0, 0.0, 0.0, 0.0, 0.0, 0.0, 0.0, 0.0, 0.0, 0.0, 0.0, 0.0, 0.0, 0.0, 0.0, 0.0, 0.0, 0.0, 0.0, 0.0, 0.0, 0.0, 0.0, 0.0, 0.0, 0.0, 0.0, 0.0, 0.0, 0.0, 4.0, 4.0, 4.0, 4.0, 0.0, 4.0, 0.0, 0.0, 0.0, 0.0, 0.0, 0.0, 0.0, 0.0, 0.0, 0.0, 0.0, 0.0, 0.0, 0.0, 0.0, 0.0, 0.0, 0.0, 0.0, 0.0, 0.0, 0.0, 0.0, 0.0, 0.0, 0.0, 0.0, 0.0, 0.0, 0.0, 0.0, 0.0, 0.0, 0.0, 0.0, 0.0, 0.0, 0.0, 0.0, 0.0, 0.0, 0.0, 0.0, 0.0, 0.0, 0.0, 0.0, 0.0, 0.0, 0.0, 0.0, 0.0, 0.0, 0.0, 0.0, 0.0, 0.0, 0.0, 0.0, 0.0, 0.0, 0.0, 0.0, 0.0, 0.0, 0.0, 0.0, 0.0, 0.0, 0.0, 0.0, 0.0, 0.0, 0.0, 0.0, 0.0, 0.0, 0.0, 0.0, 0.0, 0.0, 0.0, 0.0, 0.0, 0.0, 0.0, 0.0, 0.0, 0.0, 0.0, 0.0, 0.0, 0.0, 0.0, 0.0, 0.0, 0.0, 0.0, 0.0, 4.0, 0.0, 4.0, 0.0, 4.0, 0.0, 4]
tipx = [1.0, 1.0, 0.9760718223186868, 0.9760718223186868, 0.9702536225628631, 0.9644357187781327, 0.958618209621527, 0.9528010950930459, 0.9469843751926895, 0.9411680499204578, 0.9353521192763506, 0.9295366819173994, 0.9237217378436039, 0.9184886729396096, 0.9132560026637399, 0.9080237270159948, 0.9027919446534055, 0.8975605569189409, 0.8923296624696321, 0.8870993599625103, 0.8818695507405443, 0.8766402348037342, 0.8714116094661422, 0.8670547176559089, 0.8626983191308315, 0.8583422165768476, 0.8539867059650508, 0.8496315899813784, 0.8452770659398932, 0.8409230351835637, 0.8365695963694213, 0.8322167494974657, 0.8278643959106661, 0.8235128315801157, 0.8191618591917522, 0.8156756156815351, 0.8121897667994425, 0.8087044605310215, 0.8052195982192406, 0.8017352785211311, 0.798251501436693, 0.7947682669659263, 0.791285575108831, 0.7878035245224383, 0.7843221152067481, 0.7808405579055112, 0.7773596912034925, 0.773879613757723, 0.7704003255682028, 0.7669218759634475, 0.7669218759634475, 0.7131175868490177, 0.7131175868490177, 0.7072622920494765, 0.7014066519503261, 0.6955507158800823, 0.6896944345102295, 0.6838379558263143, 0.6779811318427901, 0.6721241105452034, 0.6662668426050389, 0.6604093280222965, 0.6545515667969761, 0.6472291432870056, 0.639906374477426, 0.6325833096967529, 0.625259998273502, 0.6179348616951744, 0.610609478474269, 0.6032838486107857, 0.5959580214332401, 0.588145272478388, 0.580332276880958, 0.5725190839694656, 0.5647057430724266, 0.5568921555328096, 0.549078420007646, 0.5412644871684199, 0.5334503570151315, 0.5256360788762964, 0.5178216527519146, 0.5100065853568302, 0.502191369976199, 0.4943760559385367, 0.486560544586812, 0.4787449345780562, 0.4697271886445757, 0.4607092453970329, 0.45169115416394334, 0.44267291494530703, 0.43365447841260835, 0.42463594322287856, 0.415617260047602, 0.4065984535510365, 0.39757954839743986, 0.388560544586812, 0.3795414174548952, 0.3705222163302051, 0.36150296587699937, 0.3524676836562296, 0.3434323274426864, 0.33439687257211215, 0.32536134370876446, 0.31632574085264337, 0.307290064003749, 0.298254337826339, 0.2892185623204134, 0.28018276215022997, 0.271146912651531, 0.26211103848857426, 0.25307513966135975, 0.2440392408341452, 0.2440392408341452, 0.21259601178951523, 0.21259601178951523, 0.1171520921456671, 0.1171520921456671, 0.11838603263081306, 0.1196135234125467, 0.12082974262846995, 0.12202993007682916, 0.1232093625522574, 0.12436340317428998, 0.12548752605162228, 0.12657732861423868, 0.12762851928128352, 0.12863697912170577, 0.12959874952213002, 0.13051004451898532, 0.13136730012702091, 0.13216713734291952, 0.13290642380594161, 0.13358226146579685, 0.13419198658264375, 0.13473320672347666, 0.13520380076212557, 0.13560193121138503, 0.13592600722662754, 0.13617478326283466, 0.13634727274969477, 0.13644279742011864, 0.13646098731023937, 0.1364017684272836, 0.13626537508170036, 0.13605232522290323, 0.1357634820999149, 0.13539996793646486, 0.1349632009273761, 0.13445490757069392, 0.13387708567129944, 0.13323199200878047, 0.1325221670016895, 0.13175039771115687, 0.13091970550876197, 0.130033370740791, 0.1290948587354635, 0.12810784446719037, 0.12707622488870254, 0.12600403260614879, 0.12489549753974029, 0.12375494826671929, 0.12258687368200373, 0.1213958613375427, 0.12018657277805868, 0.11896378053743417, 0.11773226948168063, 0.11649687380532502, 0.11526245236715214, 0.1140338516938179, 0.1128158813155915, 0.11161332609848439, 0.11043092157999235, 0.1092732923084512, 0.10814500117155225, 0.10705046307144002, 0.10599398192109905, 0.10497970131583816, 0.10401160453329059, 0.103093502201285, 0.10222898296933, 0.10142145050500068, 0.10067407416542318, 0.09998978283121016, 0.09937127107252525, 0.09882095598663197, 0.09834101419428036, 0.09793331401299807, 0.09759946478560594, 0.09734077988383134, 0.09715826437617926, 0.09705264585825452, 0.09702433129031064, 0.09707343166150773, 0.09719976198991231, 0.09740281665823972, 0.0976818064102406, 0.09803563368644329, 0.0984629049562826, 0.09896194921629321, 0.09953079949191629, 0.10016722983388622, 0.1008687429861017, 0.10163257655169011, 0.10245573382332993, 0.10333498994931495, 0.10426689193355448, 0.10524776480163771, 0.10627378559360702, 0.10734089703905585, 0.10844493087841754, 0.10958154620232091, 0.1107462787801058, 0.11193455339195205, 0.11314170849313716, 0.11436300854616532, 0.1155936563528962, 0.1168288177188028, 0.1168288177188028, 0.002086079801206082, 0.002086079801206082, 0.0, 0.0, 1.0]
tipy = [0.0, 0.0003232793645282359, 0.0003232793645282359, 0.0388309080146457, 0.03848981982759197, 0.038142735142862844, 0.03778951830704048, 0.03743002441761034, 0.03706411473812237, 0.03669164128302982, 0.03631246839891484, 0.035926451183262896, 0.03553344781659171, 0.03517365179000364, 0.034807945590642445, 0.03443616273476804, 0.03405814907076922, 0.03367374119793813, 0.03328277879859913, 0.03288510772114103, 0.03248056148182374, 0.03206898592903606, 0.03165021457903791, 0.0312956350429726, 0.03093582360122341, 0.030570629185211372, 0.030199894560293074, 0.029823468657889544, 0.029441188077292915, 0.029052904832956444, 0.028658458607204493, 0.02825769833145809, 0.0278504636880416, 0.027436600525343822, 0.02701595469175357, 0.026673824439808175, 0.026327063473462555, 0.025975554637492203, 0.025619179235156497, 0.025257813945166484, 0.02489134161229766, 0.024519618875551617, 0.024142480792704375, 0.023759765504564184, 0.023371309610423177, 0.022976823305252317, 0.022576120065602057, 0.022168925501604472, 0.02175496214035942, 0.0213339586750312, 0.0003232793645282359, 0.0003232793645282359, 0.08182639445546998, 0.082126003526984, 0.08241915672902127, 0.08270602671138631, 0.08298679845601259, 0.08326163228057573, 0.08353071316700915, 0.08379418910085962, 0.08405222039980274, 0.0843049550493853, 0.08455254103515403, 0.08485502349270067, 0.08514996485342778, 0.08543763025810659, 0.0857182910135728, 0.08599225542304881, 0.08625970846846805, 0.08652087829421506, 0.08677599921073888, 0.08704170725991942, 0.08730101493420322, 0.08755401472455702, 0.08780078678981866, 0.08804141745489037, 0.08827597454648109, 0.08850450122704195, 0.08872704682508854, 0.08894367300126534, 0.08915442291802347, 0.08935937056813631, 0.0895585467819261, 0.08975199472184396, 0.08993975755034105, 0.09012187842986848, 0.09032508108374261, 0.0905209091245373, 0.09070941188076811, 0.09089063868095063, 0.09106462652147153, 0.09123143089691087, 0.09139109496971975, 0.09154366190234933, 0.09168917485725074, 0.091827689329004, 0.09195923614793135, 0.09208387080861283, 0.092201642639564, 0.09231276745304055, 0.09241706026710904, 0.09251453341389837, 0.09260521155766634, 0.09268910703054181, 0.09276623216465371, 0.09283661779032427, 0.09290027007361794, 0.0929572136787925, 0.09300745477191241, 0.0930510241832999, 0.09308793424508385, 0.0931181972893932, 0.0003232793645282359, 0.0003232793645282359, 0.0762939301261528, 0.0762939301261528, 0.05883261601449771, 0.05876833479263038, 0.05862690377239336, 0.05840887173352249, 0.05811510192504045, 0.057746747400998964, 0.057305251020478794, 0.056792351613654195, 0.05621005315147067, 0.05556064940990276, 0.05484668080750293, 0.05407096523572377, 0.05323653639827357, 0.05234667464143848, 0.05140486995769593, 0.05041482506874675, 0.049380424595193, 0.04830572889047349, 0.047194958625702686, 0.04605247012541288, 0.04488275536755423, 0.04369040190407583, 0.042480095943957935, 0.04125658227379306, 0.0400246704238504, 0.038789191505624744, 0.03755500129486866, 0.0363269401521736, 0.03510983302296988, 0.03390845860720449, 0.03272753086114769, 0.03157168666526416, 0.0304454642429874, 0.02935328774555865, 0.028299439504736835, 0.02728806311583082, 0.02632312335828047, 0.025408413903237247, 0.024547521858693598, 0.02374382931099909, 0.02300048866060261, 0.022320422622052374, 0.021706298018222017, 0.0211605273218267, 0.020685251698745886, 0.020282337924991123, 0.019953369137609357, 0.019699634044070158, 0.019522131546814057, 0.01942155686960753, 0.019398306182091346, 0.01945246889219999, 0.019583833812226135, 0.019791884534272282, 0.02007580559631522, 0.02043447939917381, 0.02086650162167008, 0.021370171971532577, 0.021943517308138035, 0.022584283934930817, 0.023289956097616263, 0.02405776523325735, 0.024884696136339146, 0.02576750083241383, 0.0267027155347779, 0.027686668352052746, 0.028715494703345768, 0.029785155816443722, 0.03089145260145772, 0.03203004414901658, 0.03319645389633125, 0.034386109706613786, 0.03559434078604502, 0.036816396181968025, 0.03804748486230691, 0.039282772632534685, 0.040517406799931, 0.04174654392087219, 0.0429653559668957, 0.044169061155022324, 0.045352927030788456, 0.046512313630697195, 0.0476426642331217, 0.04873954235469182, 0.04979864099939085, 0.05081580423978104, 0.05178703646610027, 0.05270852396748764, 0.05357665034714456, 0.0543880119374959, 0.055139420883222205, 0.05582791747338856, 0.056450813303895786, 0.05700565428109368, 0.057490257618167756, 0.05790273649939702, 0.058241456917702834, 0.05850509316922894, 0.058692615521212556, 0.05880328404591998, 0.058836660952775406, 0.0762939301261528, 0.0762939301261528, 0.0003232793645282359, 0.0003232793645282359, -4.869720574146467e-15, 0.0]
tips = [4, 0.0, 4.0, 4.0, 0.0, 0.0, 0.0, 0.0, 0.0, 0.0, 0.0, 0.0, 0.0, 0.0, 0.0, 0.0, 0.0, 0.0, 0.0, 0.0, 0.0, 0.0, 0.0, 0.0, 0.0, 0.0, 0.0, 0.0, 0.0, 0.0, 0.0, 0.0, 0.0, 0.0, 0.0, 0.0, 0.0, 0.0, 0.0, 0.0, 0.0, 0.0, 0.0, 0.0, 0.0, 0.0, 0.0, 0.0, 0.0, 4.0, 4.0, 4.0, 4.0, 0.0, 0.0, 0.0, 0.0, 0.0, 0.0, 0.0, 0.0, 0.0, 0.0, 0.0, 0.0, 0.0, 0.0, 0.0, 0.0, 0.0, 0.0, 0.0, 0.0, 0.0, 0.0, 0.0, 0.0, 0.0, 0.0, 0.0, 0.0, 0.0, 0.0, 0.0, 0.0, 0.0, 0.0, 0.0, 0.0, 0.0, 0.0, 0.0, 0.0, 0.0, 0.0, 0.0, 0.0, 0.0, 0.0, 0.0, 0.0, 0.0, 0.0, 0.0, 0.0, 0.0, 0.0, 0.0, 0.0, 0.0, 0.0, 4.0, 4.0, 4.0, 4.0, 0.0, 4.0, 0.0, 0.0, 0.0, 0.0, 0.0, 0.0, 0.0, 0.0, 0.0, 0.0, 0.0, 0.0, 0.0, 0.0, 0.0, 0.0, 0.0, 0.0, 0.0, 0.0, 0.0, 0.0, 0.0, 0.0, 0.0, 0.0, 0.0, 0.0, 0.0, 0.0, 0.0, 0.0, 0.0, 0.0, 0.0, 0.0, 0.0, 0.0, 0.0, 0.0, 0.0, 0.0, 0.0, 0.0, 0.0, 0.0, 0.0, 0.0, 0.0, 0.0, 0.0, 0.0, 0.0, 0.0, 0.0, 0.0, 0.0, 0.0, 0.0, 0.0, 0.0, 0.0, 0.0, 0.0, 0.0, 0.0, 0.0, 0.0, 0.0, 0.0, 0.0, 0.0, 0.0, 0.0, 0.0, 0.0, 0.0, 0.0, 0.0, 0.0, 0.0, 0.0, 0.0, 0.0, 0.0, 0.0, 0.0, 0.0, 0.0, 0.0, 0.0, 0.0, 0.0, 0.0, 0.0, 0.0, 0.0, 0.0, 0.0, 4.0, 0.0, 4.0, 0.0, 4.0, 0.0, 4]
nameroot = 136mm.dxf
nametip = 136mm.dxf

[Transform]
croot = 309.3
ctip = 309.3
incidenceroot = 0.0
thicknessroot = 100.0
tethicknessroot = 0.0
vinvertroot = 0
incidencetip = 0.0
thicknesstip = 100.0
tethicknesstip = 0.0
vinverttip = 0
covering = 0.0
smooth = 1
nbrpoints = 201
repartition = 1.0
reducepoints = 0

[Bloc]
bloclx = 136.0
blochz = 50.0
fleading = 0.0
ftrailing = 0.0
mleading = 5.0
mtrailing = 10.0
cbcutboth = 0
cbrotdelta = 0
rbleftwing = 1
rbrightwing = 0
rbtabletoblockleft = 0
rbtabletoblockright = 1
bloctotableleft = 709.0
bloctotableright = 10.0
bloctotabletrailingroot = 10.0
hoffset = 0.0
hprofileroot = 10.0
hprofiletip = 10.0
cbalignprofiles = 0
angleinroot = 0.0
angleintip = 0.0
angleoutroot = 0.0
angleouttip = 0.0
gbextracutcmdsactive = 0
extracutcommands = X; LE;=; 0;=; 0;=; 8;=; 1;=; 8;=; 2;=; 10;=
	L; TE;=; 90;=; 5;=

[Material]
mspeednorm = 3.1
mspeedhalf = 1.6
mspeedmin = 0.5
mspeedmax = 6.0
mradspnorm = 1.4
mradsphalf = 3.0
mheatspnorm = 80.0
mname = Yellow foam 40 kg/m3
mhotwire = NiCr, 800 mm x 0.3 mm, 24 V

[Table]
tableyy = 855.0
tableyg = 0.0
tableyd = 0.0
maxdiag = 1000.0
cmaxy = 660.0
cmaxz = 360.0
vmaxy = 60.0
vmaxz = 60.0
theatingmax = 100.0
tsvaluemin = 0.0
tsvaluemax = 1000.0
tname = My CNC
tcomport = Select port
tbaudrate = 115200
tpreheat = 4.0
tpostheat = 4.0
vcut = 3.1
gcodestart1 = 
gcodestart2 = 
gcodestart3 = 
gcodestart4 = 
gcodeend1 = 
gcodeend2 = 
gcodeend3 = 
gcodeend4 = 
gcodeletters = XYAZ

[Cut]
vcut = 3.1
vheat = 80.0
vusefoamparam = 1

[Guillotine]
gcuttingspeed = 3.1
gheating = 80.0
gusefoamparam = 1

