[Profil]
rootx = [1.0, 1.0, 0.9664527244444193, 0.9666854267287641, 0.9669166955288112, 0.9671466104825769, 0.967375251228078, 0.9676025381272977, 0.9678283915422197, 0.9680529707488769, 0.9682761961092529, 0.9684980676233476, 0.968718585291161, 0.9689377491126931, 0.9691556387259606, 0.9693720948549301, 0.969587276775635, 0.9698010252120421, 0.9700134994401846, 0.9702246198220457, 0.970434306719609, 0.9706427194089076, 0.9708497782519249, 0.9710554832486609, 0.9712598343991157, 0.9714629113413057, 0.9716645547991979, 0.9718648444108089, 0.9720638598141551, 0.9722614417332036, 0.9724577494439873, 0.9726526236704732, 0.9728462236886943, 0.9730384698606342, 0.9732293621862929, 0.9734189006656703, 0.9734817350607244, 0.863791994420242, 0.863791994420242, 0.8647886641973042, 0.8657808742454397, 0.8667647223018381, 0.8677364653797216, 0.868692121578263, 0.8696281071867178, 0.8705405995802917, 0.8714261743242734, 0.8722811680699017, 0.873102395296515, 0.8738865112074182, 0.8746304895579827, 0.8753314633796129, 0.8759865657037129, 0.8765932481137537, 0.8771492011072551, 0.8776522744577706, 0.8781003179388535, 0.8784916591521561, 0.8788248646133809, 0.8790985008382299, 0.8793115325324882, 0.8794630836779734, 0.8795526764465867, 0.8795798330102286, 0.8795444737308826, 0.8794468375225983, 0.8792871632994254, 0.8790661678035127, 0.8787846474150256, 0.8784437967042126, 0.878044889879338, 0.8775895197007331, 0.8770795178427782, 0.8765167956178703, 0.875903582890473, 0.8752423484390989, 0.8745355610422609, 0.8737861673065714, 0.8729970342006258, 0.872171187969053, 0.8713119734085477, 0.8704227353158049, 0.8695068981255362, 0.8685682048245188, 0.867610159485481, 0.8666366643712335, 0.865651462468554, 0.8646584560402528, 0.8636615473491411, 0.8626646386580293, 0.8616716322297283, 0.8606864303270486, 0.8597128555747846, 0.8587548898737634, 0.8578161169347296, 0.8569003593824772, 0.8560110416517179, 0.8551518270912127, 0.8543260604976564, 0.8535368477536943, 0.8527874540180047, 0.8520807462591834, 0.8514195118078093, 0.8508062990804118, 0.8502435768555041, 0.8497334953595326, 0.8492782048189441, 0.8488792979940697, 0.8485384472832566, 0.8482569268947696, 0.8480359313988569, 0.8478762571756839, 0.8477785413293831, 0.8477432616880536, 0.8477704182516955, 0.8478599313822922, 0.8480115621657941, 0.8482245938600522, 0.8484982300849013, 0.8488313559081095, 0.8492227767594288, 0.8496708202405115, 0.8501738139530105, 0.850729766946512, 0.8513365289945692, 0.8519916313186694, 0.8526925255022829, 0.8534365038528474, 0.8542206994017671, 0.8550418469903639, 0.8558969203740088, 0.8567824154799739, 0.8576949875115645, 0.8586308934820026, 0.8595866293185606, 0.8605582927584275, 0.8615422204528425, 0.8625344305009781, 0.8635310206400236, 0.8635310206400236, 0.7853741915646298, 0.7853741915646298, 0.7599187755941653, 0.7599187755941653, 0.7537173632457971, 0.7475186585899914, 0.7413229005407979, 0.7351306465643324, 0.7289419762986113, 0.7227574472097507, 0.7165772185737834, 0.7109162298056904, 0.7052593822144577, 0.6996070739901681, 0.6939594644088546, 0.6883168720225834, 0.6826796153834208, 0.6770477741293832, 0.6714217464505535, 0.665801731441973, 0.6601880078366994, 0.6545808543677908, 0.6489805099492969, 0.6437066813986378, 0.6384393433463273, 0.6331786948874065, 0.6279250147549336, 0.6226784622249413, 0.6179152726363696, 0.6131583346320967, 0.6084078074881556, 0.6036638902995879, 0.5989267025234182, 0.5941964034356796, 0.5894731921314136, 0.5851499229462371, 0.5808328655263512, 0.5765221393287805, 0.5722178638105501, 0.5679201584286846, 0.5636291426402089, 0.559344975721156, 0.5550677771285509, 0.5507976663194184, 0.546534762750783, 0.5422791460606617, 0.5380310551631038, 0.5340325896284066, 0.5300410127821406, 0.5260564042623223, 0.5220788437069681, 0.5181084107540948, 0.5145131126781572, 0.5109238670914771, 0.5073407934510792, 0.5037638917569636, 0.5001933212851633, 0.49669267299188957, 0.4931982762829147, 0.48971017097724684, 0.48622843671290267, 0.4826823151121817, 0.4791429627428671, 0.47561045924297535, 0.47208492406953134, 0.46856643686055155, 0.4650550374350442, 0.46155080543102606, 0.4580538603055217, 0.4545642816965478, 0.45108210942311255, 0.4476074231232326, 0.4441403422539327, 0.4406809066342211, 0.43722919590211434, 0.4340720263741998, 0.43092146680165844, 0.4277775968225068, 0.4246404960747616, 0.421510204377431, 0.4183868013685315, 0.4154118038034639, 0.4124432170987281, 0.4094810412543242, 0.4065253160892605, 0.40357616106056177, 0.400633576168228, 0.3976976410502757, 0.39476839552571324, 0.39170687125566933, 0.3886528329591807, 0.3856063204552555, 0.3825673735629021, 0.3795360719201371, 0.37651245534596867, 0.3739270071388314, 0.37134729286888546, 0.36877331253613077, 0.3662052254166004, 0.3636429518722778, 0.36108657154117957, 0.3585361640613222, 0.35620348691869924, 0.3538759066091351, 0.3445856143320397, 0.33570131666329134, 0.33348477165829526, 0.33127328366734976, 0.32867340106971377, 0.3260806062555503, 0.32349493904386756, 0.3209164392536739, 0.31829274488909093, 0.3156766360455838, 0.3130681127231527, 0.310467254559814, 0.3078741212840802, 0.3052887128959513, 0.3027111090334437, 0.3027111090334437, 0.2894023620794983, 0.2894023819890025, 0.036012184158612806, 0.036012184158612806, 0.0, 0.0, 1.0]
rooty = [0.0, 0.0002609578564986434, 0.0002609578564986434, 0.002294097500977963, 0.004327390452527707, 0.006360836458390498, 0.008394433652050325, 0.010428182033507186, 0.012462080358417074, 0.014496128626779988, 0.016530323727735906, 0.01856466690562884, 0.02059915567177077, 0.0226337912705057, 0.024668569968801617, 0.026703493011002517, 0.02873856039710841, 0.03077376714974325, 0.03280911575759506, 0.03484460622066385, 0.03688023356157357, 0.03891600026901225, 0.040951906342979884, 0.042987944317412416, 0.04502412414706192, 0.04706043338848831, 0.04909688199644365, 0.051133460016175886, 0.053170167447685, 0.05520700926834703, 0.057243985478161986, 0.0592810861223778, 0.06131831617837049, 0.06335567066876403, 0.0653931595483105, 0.06743076788488178, 0.06811000052799508, 0.06811000052799508, 0.043448948885687955, 0.04340952806749813, 0.0433077705918576, 0.04314407464884912, 0.04291908231998106, 0.0426336795781875, 0.04228898135570006, 0.04188634149880002, 0.04142734779044224, 0.04091379457468701, 0.040347700177516134, 0.03973128948601685, 0.03906698150494171, 0.03835738189064455, 0.03760527797370445, 0.036813623826797634, 0.03598552782125738, 0.03512423769494591, 0.0342331380635664, 0.03331572553378277, 0.03237560372584371, 0.03141646087539044, 0.030442064856080774, 0.02945623829270886, 0.02846285607251723, 0.027465812992252543, 0.026469028735541626, 0.025476413031259245, 0.02449186316484007, 0.023519244068774564, 0.022562378367856885, 0.02162501651492871, 0.02071084301259926, 0.019823445304645086, 0.01896630879863405, 0.01814279571207716, 0.01735614133939657, 0.016609432898077404, 0.01590560330694774, 0.01524741500970649, 0.014637452508859339, 0.01407810867793467, 0.013571582272795535, 0.013119860510823532, 0.01272471533788679, 0.012387700939651951, 0.012110138809456059, 0.011893118992650574, 0.011737492620537323, 0.011643871910368496, 0.011612623943626605, 0.011643871910368496, 0.011737492620537323, 0.011893118992650574, 0.012110138809456059, 0.012387700939651951, 0.01272471533788679, 0.013119860510823532, 0.013571582272795535, 0.01407810867793467, 0.014637452508859339, 0.01524741500970649, 0.01590560330694774, 0.016609432898077404, 0.01735614133939657, 0.01814279571207716, 0.01896630879863405, 0.019823445304645086, 0.02071084301259926, 0.02162501651492871, 0.022562378367856885, 0.023519244068774564, 0.02449186316484007, 0.025476413031259245, 0.026469028735541626, 0.027465812992252543, 0.02846285607251723, 0.02945623829270886, 0.030442064856080774, 0.03141646087539044, 0.03237560372584371, 0.03331572553378277, 0.0342331380635664, 0.03512423769494591, 0.03598552782125738, 0.036813623826797634, 0.03760527797370445, 0.03835738189064455, 0.03906698150494171, 0.03973128948601685, 0.040347700177516134, 0.04091379457468701, 0.04142734779044224, 0.04188634149880002, 0.04228898135570006, 0.0426336795781875, 0.04291908231998106, 0.04314407464884912, 0.0433077705918576, 0.04340952806749813, 0.043448948885687955, 0.06811000052799508, 0.06811000052799508, 0.0002609578564986434, 0.0002609578564986434, 0.02691000683134409, 0.02692166384601588, 0.0269294385073811, 0.026933335792815774, 0.026933360679695945, 0.026929518145397645, 0.02692181565598492, 0.026910253211457777, 0.026896269273490057, 0.026879055018476226, 0.026858610446416284, 0.02683493804599825, 0.02680804528328617, 0.026777934646968066, 0.026744608625731952, 0.026708072196953862, 0.026668330338009832, 0.026625383048899862, 0.026579237795688, 0.026529897067062266, 0.026480454302227834, 0.02642817443305398, 0.02637306492560476, 0.02631512826856819, 0.026254364461944266, 0.026196679162397412, 0.0261366619621786, 0.026074320327351876, 0.026009651769229224, 0.025942663753874697, 0.025873353792600275, 0.025801726862781992, 0.025734034548718643, 0.02566439856931399, 0.02559282141325605, 0.02551930556923284, 0.02544385103724436, 0.025366460305978625, 0.025287133375435637, 0.025205875222991433, 0.025122688337334022, 0.025037570229775395, 0.0249505283663796, 0.024861557769770604, 0.024775912060352366, 0.024688556622266423, 0.024599496432888814, 0.024508729003531515, 0.024416259311570567, 0.024330907267338338, 0.02424415409175252, 0.024156004762189143, 0.024066456789960194, 0.023975515152441704, 0.023884837315853023, 0.02379281558773514, 0.023699452456776078, 0.023604745434287814, 0.02350672347936086, 0.02340730785914437, 0.023306496084950317, 0.023204293134154747, 0.023100699006757652, 0.022995713702759036, 0.022889337222158895, 0.022781574542333267, 0.022672423174594135, 0.02256188809631753, 0.022449966818815437, 0.022336661830775872, 0.022221975620886854, 0.022105905700460362, 0.02199829731929179, 0.0218895316981953, 0.021779606348482868, 0.021668523758842515, 0.021556283929274243, 0.02144289183715408, 0.021333576216005824, 0.021223207879826362, 0.021111791805991726, 0.020999323017125884, 0.02088580897929289, 0.020771244715116707, 0.020655633957629357, 0.020538976706830848, 0.020415643550426642, 0.020291163108846582, 0.020165537870778686, 0.020038766591878945, 0.019910851760835378, 0.01978179462199199, 0.019670264068508574, 0.01955789607150742, 0.01944468938664453, 0.019330645258263907, 0.019215763686365548, 0.01910004591529347, 0.018983493189391673, 0.018875918405511335, 0.018767643055954197, 0.018331768014930663, 0.01788928052984587, 0.01777806106236458, 0.01766618458124679, 0.017533485247490474, 0.017399873809575913, 0.01726535026750311, 0.017129914621272065, 0.016990777051615676, 0.01685069004748079, 0.01670965734189943, 0.016567677690527593, 0.016424753582053288, 0.016280883772132507, 0.016136069505109266, 0.0002609578564986434, 0.0002609578564986434, 0.03679505821419055, 0.03679505821419055, 0.0002609578564986434, 0.0002609578564986434, -4.9693017346065534e-15, 0.0]
roots = [4, 0.0, 4, 0.0, 0.0, 0.0, 0.0, 0.0, 0.0, 0.0, 0.0, 0.0, 0.0, 0.0, 0.0, 0.0, 0.0, 0.0, 0.0, 0.0, 0.0, 0.0, 0.0, 0.0, 0.0, 0.0, 0.0, 0.0, 0.0, 0.0, 0.0, 0.0, 0.0, 0.0, 0.0, 0.0, 4, 4, 4, 0.0, 0.0, 0.0, 0.0, 0.0, 0.0, 0.0, 0.0, 0.0, 0.0, 0.0, 0.0, 0.0, 0.0, 0.0, 0.0, 0.0, 0.0, 0.0, 0.0, 0.0, 0.0, 0.0, 0.0, 0.0, 0.0, 0.0, 0.0, 0.0, 0.0, 0.0, 0.0, 0.0, 0.0, 0.0, 0.0, 0.0, 0.0, 0.0, 0.0, 0.0, 0.0, 0.0, 0.0, 0.0, 0.0, 0.0, 0.0, 0.0, 0.0, 0.0, 0.0, 0.0, 0.0, 0.0, 0.0, 0.0, 0.0, 0.0, 0.0, 0.0, 0.0, 0.0, 0.0, 0.0, 0.0, 0.0, 0.0, 0.0, 0.0, 0.0, 0.0, 0.0, 0.0, 0.0, 0.0, 0.0, 0.0, 0.0, 0.0, 0.0, 0.0, 0.0, 0.0, 0.0, 0.0, 0.0, 0.0, 0.0, 0.0, 0.0, 0.0, 0.0, 0.0, 0.0, 0.0, 0.0, 0.0, 0.0, 4, 4, 4, 4, 4, 4, 0.0, 0.0, 0.0, 0.0, 0.0, 0.0, 0.0, 0.0, 0.0, 0.0, 0.0, 0.0, 0.0, 0.0, 0.0, 0.0, 0.0, 0.0, 0.0, 0.0, 0.0, 0.0, 0.0, 0.0, 0.0, 0.0, 0.0, 0.0, 0.0, 0.0, 0.0, 0.0, 0.0, 0.0, 0.0, 0.0, 0.0, 0.0, 0.0, 0.0, 0.0, 0.0, 0.0, 0.0, 0.0, 0.0, 0.0, 0.0, 0.0, 0.0, 0.0, 0.0, 0.0, 0.0, 0.0, 0.0, 0.0, 0.0, 0.0, 0.0, 0.0, 0.0, 0.0, 0.0, 0.0, 0.0, 0.0, 0.0, 0.0, 0.0, 0.0, 0.0, 0.0, 0.0, 0.0, 0.0, 0.0, 0.0, 0.0, 0.0, 0.0, 0.0, 0.0, 0.0, 0.0, 0.0, 0.0, 0.0, 0.0, 0.0, 0.0, 0.0, 0.0, 0.0, 0.0, 0.0, 0.0, 0.0, 0.0, 0.0, 0.0, 0.0, 0.0, 0.0, 0.0, 0.0, 0.0, 0.0, 0.0, 0.0, 0.0, 0.0, 0.0, 0.0, 4, 4, 4, 4, 4, 4, 4.0, 0.0, 4]
tipx = [1.0, 1.0, 0.9664527244444193, 0.9666854267287641, 0.9669166955288112, 0.9671466104825769, 0.967375251228078, 0.9676025381272977, 0.9678283915422197, 0.9680529707488769, 0.9682761961092529, 0.9684980676233476, 0.968718585291161, 0.9689377491126931, 0.9691556387259606, 0.9693720948549301, 0.969587276775635, 0.9698010252120421, 0.9700134994401846, 0.9702246198220457, 0.970434306719609, 0.9706427194089076, 0.9708497782519249, 0.9710554832486609, 0.9712598343991157, 0.9714629113413057, 0.9716645547991979, 0.9718648444108089, 0.9720638598141551, 0.9722614417332036, 0.9724577494439873, 0.9726526236704732, 0.9728462236886943, 0.9730384698606342, 0.9732293621862929, 0.9734189006656703, 0.9734817350607244, 0.863791994420242, 0.863791994420242, 0.8647886641973042, 0.8657808742454397, 0.8667647223018381, 0.8677364653797216, 0.868692121578263, 0.8696281071867178, 0.8705405995802917, 0.8714261743242734, 0.8722811680699017, 0.873102395296515, 0.8738865112074182, 0.8746304895579827, 0.8753314633796129, 0.8759865657037129, 0.8765932481137537, 0.8771492011072551, 0.8776522744577706, 0.8781003179388535, 0.8784916591521561, 0.8788248646133809, 0.8790985008382299, 0.8793115325324882, 0.8794630836779734, 0.8795526764465867, 0.8795798330102286, 0.8795444737308826, 0.8794468375225983, 0.8792871632994254, 0.8790661678035127, 0.8787846474150256, 0.8784437967042126, 0.878044889879338, 0.8775895197007331, 0.8770795178427782, 0.8765167956178703, 0.875903582890473, 0.8752423484390989, 0.8745355610422609, 0.8737861673065714, 0.8729970342006258, 0.872171187969053, 0.8713119734085477, 0.8704227353158049, 0.8695068981255362, 0.8685682048245188, 0.867610159485481, 0.8666366643712335, 0.865651462468554, 0.8646584560402528, 0.8636615473491411, 0.8626646386580293, 0.8616716322297283, 0.8606864303270486, 0.8597128555747846, 0.8587548898737634, 0.8578161169347296, 0.8569003593824772, 0.8560110416517179, 0.8551518270912127, 0.8543260604976564, 0.8535368477536943, 0.8527874540180047, 0.8520807462591834, 0.8514195118078093, 0.8508062990804118, 0.8502435768555041, 0.8497334953595326, 0.8492782048189441, 0.8488792979940697, 0.8485384472832566, 0.8482569268947696, 0.8480359313988569, 0.8478762571756839, 0.8477785413293831, 0.8477432616880536, 0.8477704182516955, 0.8478599313822922, 0.8480115621657941, 0.8482245938600522, 0.8484982300849013, 0.8488313559081095, 0.8492227767594288, 0.8496708202405115, 0.8501738139530105, 0.850729766946512, 0.8513365289945692, 0.8519916313186694, 0.8526925255022829, 0.8534365038528474, 0.8542206994017671, 0.8550418469903639, 0.8558969203740088, 0.8567824154799739, 0.8576949875115645, 0.8586308934820026, 0.8595866293185606, 0.8605582927584275, 0.8615422204528425, 0.8625344305009781, 0.8635310206400236, 0.8635310206400236, 0.7853741915646298, 0.7853741915646298, 0.7599187755941653, 0.7599187755941653, 0.7537173632457971, 0.7475186585899914, 0.7413229005407979, 0.7351306465643324, 0.7289419762986113, 0.7227574472097507, 0.7165772185737834, 0.7109162298056904, 0.7052593822144577, 0.6996070739901681, 0.6939594644088546, 0.6883168720225834, 0.6826796153834208, 0.6770477741293832, 0.6714217464505535, 0.665801731441973, 0.6601880078366994, 0.6545808543677908, 0.6489805099492969, 0.6437066813986378, 0.6384393433463273, 0.6331786948874065, 0.6279250147549336, 0.6226784622249413, 0.6179152726363696, 0.6131583346320967, 0.6084078074881556, 0.6036638902995879, 0.5989267025234182, 0.5941964034356796, 0.5894731921314136, 0.5851499229462371, 0.5808328655263512, 0.5765221393287805, 0.5722178638105501, 0.5679201584286846, 0.5636291426402089, 0.559344975721156, 0.5550677771285509, 0.5507976663194184, 0.546534762750783, 0.5422791460606617, 0.5380310551631038, 0.5340325896284066, 0.5300410127821406, 0.5260564042623223, 0.5220788437069681, 0.5181084107540948, 0.5145131126781572, 0.5109238670914771, 0.5073407934510792, 0.5037638917569636, 0.5001933212851633, 0.49669267299188957, 0.4931982762829147, 0.48971017097724684, 0.48622843671290267, 0.4826823151121817, 0.4791429627428671, 0.47561045924297535, 0.47208492406953134, 0.46856643686055155, 0.4650550374350442, 0.46155080543102606, 0.4580538603055217, 0.4545642816965478, 0.45108210942311255, 0.4476074231232326, 0.4441403422539327, 0.4406809066342211, 0.43722919590211434, 0.4340720263741998, 0.43092146680165844, 0.4277775968225068, 0.4246404960747616, 0.421510204377431, 0.4183868013685315, 0.4154118038034639, 0.4124432170987281, 0.4094810412543242, 0.4065253160892605, 0.40357616106056177, 0.400633576168228, 0.3976976410502757, 0.39476839552571324, 0.39170687125566933, 0.3886528329591807, 0.3856063204552555, 0.3825673735629021, 0.3795360719201371, 0.37651245534596867, 0.3739270071388314, 0.37134729286888546, 0.36877331253613077, 0.3662052254166004, 0.3636429518722778, 0.36108657154117957, 0.3585361640613222, 0.35620348691869924, 0.3538759066091351, 0.3445856143320397, 0.33570131666329134, 0.33348477165829526, 0.33127328366734976, 0.32867340106971377, 0.3260806062555503, 0.32349493904386756, 0.3209164392536739, 0.31829274488909093, 0.3156766360455838, 0.3130681127231527, 0.310467254559814, 0.3078741212840802, 0.3052887128959513, 0.3027111090334437, 0.3027111090334437, 0.2894023620794983, 0.2894023819890025, 0.036012184158612806, 0.036012184158612806, 0.0, 0.0, 1.0]
tipy = [0.0, 0.0002609578564986434, 0.0002609578564986434, 0.002294097500977963, 0.004327390452527707, 0.006360836458390498, 0.008394433652050325, 0.010428182033507186, 0.012462080358417074, 0.014496128626779988, 0.016530323727735906, 0.01856466690562884, 0.02059915567177077, 0.0226337912705057, 0.024668569968801617, 0.026703493011002517, 0.02873856039710841, 0.03077376714974325, 0.03280911575759506, 0.03484460622066385, 0.03688023356157357, 0.03891600026901225, 0.040951906342979884, 0.042987944317412416, 0.04502412414706192, 0.04706043338848831, 0.04909688199644365, 0.051133460016175886, 0.053170167447685, 0.05520700926834703, 0.057243985478161986, 0.0592810861223778, 0.06131831617837049, 0.06335567066876403, 0.0653931595483105, 0.06743076788488178, 0.06811000052799508, 0.06811000052799508, 0.043448948885687955, 0.04340952806749813, 0.0433077705918576, 0.04314407464884912, 0.04291908231998106, 0.0426336795781875, 0.04228898135570006, 0.04188634149880002, 0.04142734779044224, 0.04091379457468701, 0.040347700177516134, 0.03973128948601685, 0.03906698150494171, 0.03835738189064455, 0.03760527797370445, 0.036813623826797634, 0.03598552782125738, 0.03512423769494591, 0.0342331380635664, 0.03331572553378277, 0.03237560372584371, 0.03141646087539044, 0.030442064856080774, 0.02945623829270886, 0.02846285607251723, 0.027465812992252543, 0.026469028735541626, 0.025476413031259245, 0.02449186316484007, 0.023519244068774564, 0.022562378367856885, 0.02162501651492871, 0.02071084301259926, 0.019823445304645086, 0.01896630879863405, 0.01814279571207716, 0.01735614133939657, 0.016609432898077404, 0.01590560330694774, 0.01524741500970649, 0.014637452508859339, 0.01407810867793467, 0.013571582272795535, 0.013119860510823532, 0.01272471533788679, 0.012387700939651951, 0.012110138809456059, 0.011893118992650574, 0.011737492620537323, 0.011643871910368496, 0.011612623943626605, 0.011643871910368496, 0.011737492620537323, 0.011893118992650574, 0.012110138809456059, 0.012387700939651951, 0.01272471533788679, 0.013119860510823532, 0.013571582272795535, 0.01407810867793467, 0.014637452508859339, 0.01524741500970649, 0.01590560330694774, 0.016609432898077404, 0.01735614133939657, 0.01814279571207716, 0.01896630879863405, 0.019823445304645086, 0.02071084301259926, 0.02162501651492871, 0.022562378367856885, 0.023519244068774564, 0.02449186316484007, 0.025476413031259245, 0.026469028735541626, 0.027465812992252543, 0.02846285607251723, 0.02945623829270886, 0.030442064856080774, 0.03141646087539044, 0.03237560372584371, 0.03331572553378277, 0.0342331380635664, 0.03512423769494591, 0.03598552782125738, 0.036813623826797634, 0.03760527797370445, 0.03835738189064455, 0.03906698150494171, 0.03973128948601685, 0.040347700177516134, 0.04091379457468701, 0.04142734779044224, 0.04188634149880002, 0.04228898135570006, 0.0426336795781875, 0.04291908231998106, 0.04314407464884912, 0.0433077705918576, 0.04340952806749813, 0.043448948885687955, 0.06811000052799508, 0.06811000052799508, 0.0002609578564986434, 0.0002609578564986434, 0.02691000683134409, 0.02692166384601588, 0.0269294385073811, 0.026933335792815774, 0.026933360679695945, 0.026929518145397645, 0.02692181565598492, 0.026910253211457777, 0.026896269273490057, 0.026879055018476226, 0.026858610446416284, 0.02683493804599825, 0.02680804528328617, 0.026777934646968066, 0.026744608625731952, 0.026708072196953862, 0.026668330338009832, 0.026625383048899862, 0.026579237795688, 0.026529897067062266, 0.026480454302227834, 0.02642817443305398, 0.02637306492560476, 0.02631512826856819, 0.026254364461944266, 0.026196679162397412, 0.0261366619621786, 0.026074320327351876, 0.026009651769229224, 0.025942663753874697, 0.025873353792600275, 0.025801726862781992, 0.025734034548718643, 0.02566439856931399, 0.02559282141325605, 0.02551930556923284, 0.02544385103724436, 0.025366460305978625, 0.025287133375435637, 0.025205875222991433, 0.025122688337334022, 0.025037570229775395, 0.0249505283663796, 0.024861557769770604, 0.024775912060352366, 0.024688556622266423, 0.024599496432888814, 0.024508729003531515, 0.024416259311570567, 0.024330907267338338, 0.02424415409175252, 0.024156004762189143, 0.024066456789960194, 0.023975515152441704, 0.023884837315853023, 0.02379281558773514, 0.023699452456776078, 0.023604745434287814, 0.02350672347936086, 0.02340730785914437, 0.023306496084950317, 0.023204293134154747, 0.023100699006757652, 0.022995713702759036, 0.022889337222158895, 0.022781574542333267, 0.022672423174594135, 0.02256188809631753, 0.022449966818815437, 0.022336661830775872, 0.022221975620886854, 0.022105905700460362, 0.02199829731929179, 0.0218895316981953, 0.021779606348482868, 0.021668523758842515, 0.021556283929274243, 0.02144289183715408, 0.021333576216005824, 0.021223207879826362, 0.021111791805991726, 0.020999323017125884, 0.02088580897929289, 0.020771244715116707, 0.020655633957629357, 0.020538976706830848, 0.020415643550426642, 0.020291163108846582, 0.020165537870778686, 0.020038766591878945, 0.019910851760835378, 0.01978179462199199, 0.019670264068508574, 0.01955789607150742, 0.01944468938664453, 0.019330645258263907, 0.019215763686365548, 0.01910004591529347, 0.018983493189391673, 0.018875918405511335, 0.018767643055954197, 0.018331768014930663, 0.01788928052984587, 0.01777806106236458, 0.01766618458124679, 0.017533485247490474, 0.017399873809575913, 0.01726535026750311, 0.017129914621272065, 0.016990777051615676, 0.01685069004748079, 0.01670965734189943, 0.016567677690527593, 0.016424753582053288, 0.016280883772132507, 0.016136069505109266, 0.0002609578564986434, 0.0002609578564986434, 0.03679505821419055, 0.03679505821419055, 0.0002609578564986434, 0.0002609578564986434, -4.9693017346065534e-15, 0.0]
tips = [4, 0.0, 4, 0.0, 0.0, 0.0, 0.0, 0.0, 0.0, 0.0, 0.0, 0.0, 0.0, 0.0, 0.0, 0.0, 0.0, 0.0, 0.0, 0.0, 0.0, 0.0, 0.0, 0.0, 0.0, 0.0, 0.0, 0.0, 0.0, 0.0, 0.0, 0.0, 0.0, 0.0, 0.0, 0.0, 4, 4, 4, 0.0, 0.0, 0.0, 0.0, 0.0, 0.0, 0.0, 0.0, 0.0, 0.0, 0.0, 0.0, 0.0, 0.0, 0.0, 0.0, 0.0, 0.0, 0.0, 0.0, 0.0, 0.0, 0.0, 0.0, 0.0, 0.0, 0.0, 0.0, 0.0, 0.0, 0.0, 0.0, 0.0, 0.0, 0.0, 0.0, 0.0, 0.0, 0.0, 0.0, 0.0, 0.0, 0.0, 0.0, 0.0, 0.0, 0.0, 0.0, 0.0, 0.0, 0.0, 0.0, 0.0, 0.0, 0.0, 0.0, 0.0, 0.0, 0.0, 0.0, 0.0, 0.0, 0.0, 0.0, 0.0, 0.0, 0.0, 0.0, 0.0, 0.0, 0.0, 0.0, 0.0, 0.0, 0.0, 0.0, 0.0, 0.0, 0.0, 0.0, 0.0, 0.0, 0.0, 0.0, 0.0, 0.0, 0.0, 0.0, 0.0, 0.0, 0.0, 0.0, 0.0, 0.0, 0.0, 0.0, 0.0, 0.0, 0.0, 4, 4, 4, 4, 4, 4, 0.0, 0.0, 0.0, 0.0, 0.0, 0.0, 0.0, 0.0, 0.0, 0.0, 0.0, 0.0, 0.0, 0.0, 0.0, 0.0, 0.0, 0.0, 0.0, 0.0, 0.0, 0.0, 0.0, 0.0, 0.0, 0.0, 0.0, 0.0, 0.0, 0.0, 0.0, 0.0, 0.0, 0.0, 0.0, 0.0, 0.0, 0.0, 0.0, 0.0, 0.0, 0.0, 0.0, 0.0, 0.0, 0.0, 0.0, 0.0, 0.0, 0.0, 0.0, 0.0, 0.0, 0.0, 0.0, 0.0, 0.0, 0.0, 0.0, 0.0, 0.0, 0.0, 0.0, 0.0, 0.0, 0.0, 0.0, 0.0, 0.0, 0.0, 0.0, 0.0, 0.0, 0.0, 0.0, 0.0, 0.0, 0.0, 0.0, 0.0, 0.0, 0.0, 0.0, 0.0, 0.0, 0.0, 0.0, 0.0, 0.0, 0.0, 0.0, 0.0, 0.0, 0.0, 0.0, 0.0, 0.0, 0.0, 0.0, 0.0, 0.0, 0.0, 0.0, 0.0, 0.0, 0.0, 0.0, 0.0, 0.0, 0.0, 0.0, 0.0, 0.0, 0.0, 4, 4, 4, 4, 4, 4, 4.0, 0.0, 4]
nameroot = 156mm .dxf
nametip = 156mm .dxf

[Transform]
croot = 383.2
ctip = 383.2
incidenceroot = 0.0
thicknessroot = 100.0
tethicknessroot = 0.0
vinvertroot = 0
incidencetip = 0.0
thicknesstip = 100.0
tethicknesstip = 0.0
vinverttip = 0
covering = 0.0
smooth = 1
nbrpoints = 201
repartition = 1.0
reducepoints = 0

[Bloc]
bloclx = 156.0
blochz = 50.0
fleading = 0.0
ftrailing = 0.0
mleading = 5.0
mtrailing = 10.0
cbcutboth = 0
cbrotdelta = 0
rbleftwing = 1
rbrightwing = 0
rbtabletoblockleft = 0
rbtabletoblockright = 1
bloctotableleft = 689.0
bloctotableright = 10.0
bloctotabletrailingroot = 70.0
hoffset = 0.0
hprofileroot = 10.0
hprofiletip = 10.0
cbalignprofiles = 0
angleinroot = 0.0
angleintip = 0.0
angleoutroot = 0.0
angleouttip = 0.0
gbextracutcmdsactive = 0
extracutcommands = X; LE;=; 0;=; 0;=; 8;=; 1;=; 8;=; 2;=; 10;=
	L; TE;=; 90;=; 5;=

[Material]
mspeednorm = 3.5
mspeedhalf = 1.8
mspeedmin = 0.5
mspeedmax = 6.0
mradspnorm = 1.4
mradsphalf = 3.0
mheatspnorm = 80.0
mname = Yellow foam 40 kg/m3
mhotwire = NiCr, 800 mm x 0.3 mm, 24 V

[Table]
tableyy = 855.0
tableyg = 0.0
tableyd = 0.0
maxdiag = 1000.0
cmaxy = 660.0
cmaxz = 360.0
vmaxy = 60.0
vmaxz = 60.0
theatingmax = 100.0
tsvaluemin = 0.0
tsvaluemax = 1000.0
tname = My CNC
tcomport = Select port
tbaudrate = 115200
tpreheat = 4.0
tpostheat = 4.0
vcut = 3.5
gcodestart1 = 
gcodestart2 = 
gcodestart3 = 
gcodestart4 = 
gcodeend1 = 
gcodeend2 = 
gcodeend3 = 
gcodeend4 = 
gcodeletters = XYAZ

[Cut]
vcut = 3.5
vheat = 80.0
vusefoamparam = 1

[Guillotine]
gcuttingspeed = 3.5
gheating = 80.0
gusefoamparam = 1

