[Profil]
rootx = [1.0, 1.0, 0.520520235148365, 0.520520235148365, 0.5217305698971241, 0.5217305698971241, 0.4964275832382835, 0.4964275832382835, 0.4960042333320277, 0.4960042333320277, 0.4152715982991506, 0.4152715982991506, 0.41628646047825263, 0.4172924280499337, 0.41828570097064804, 0.4192625627142901, 0.42021933851347476, 0.421152520635698, 0.4220585595897356, 0.42293403116052414, 0.4237757199266015, 0.4245804939839464, 0.42534526318725774, 0.4260671879435559, 0.42674363745346305, 0.4273719809176011, 0.4279499216063544, 0.42847528806626806, 0.42894607587876843, 0.42936057293632374, 0.4297172341662834, 0.430014681530878, 0.4302518293033802, 0.4304278005506639, 0.4305418853744843, 0.43059370794635876, 0.43058305947268594, 0.43050993995346576, 0.43037472521718084, 0.43017779109231374, 0.4299199727532702, 0.42960218889189644, 0.4292256505110808, 0.42879177740731295, 0.4283021146532435, 0.4277586249087259, 0.4271632290748932, 0.4265182238813611, 0.425825989575186, 0.4250891151970256, 0.42431035682241863, 0.42349267932050544, 0.4226390893191466, 0.4217528022398041, 0.4208371587801008, 0.4198954996376596, 0.4189314578211452, 0.41794858282178204, 0.41695059116567545, 0.4159411576202106, 0.41492412398765377, 0.41390324855283067, 0.4128823731180076, 0.4118652977267304, 0.4108559059399859, 0.409857872525159, 0.4088749975257958, 0.4079109557092815, 0.4069693383255605, 0.4060536531071369, 0.40516736602779446, 0.4043137760264356, 0.40349609852452245, 0.40271738190863576, 0.4019805075304753, 0.4012882732243002, 0.40064322627204785, 0.40004787219693544, 0.39950434069369756, 0.39901471969834834, 0.3985808048358602, 0.3982042664550446, 0.3978864825936709, 0.3976286642546273, 0.3974317718884805, 0.3972965153934753, 0.3972234376329754, 0.3972127474005823, 0.3972645699724568, 0.39737869655499747, 0.39755462604356084, 0.397791773816063, 0.39808922118065765, 0.39844588241061735, 0.39886037946817265, 0.39933120903939323, 0.3998565754993069, 0.40043451618806025, 0.4010628596521983, 0.40173926740338517, 0.40246119215968335, 0.4032260031217149, 0.4040307354203395, 0.40487242418641695, 0.40574793751592575, 0.4066539764699633, 0.4075871168334663, 0.40854393439137127, 0.4095207961350133, 0.41051406905572757, 0.41151999486868845, 0.41253489880651073, 0.41253489880651073, 0.3061047198461742, 0.30586074452290535, 0.3056181889961262, 0.3053770323864766, 0.30513729557331676, 0.3048989785566466, 0.304662060457106, 0.3044265621540551, 0.3041924627681338, 0.3039597831787022, 0.3037285233857603, 0.30349866250994795, 0.3032702214306254, 0.30304317926843233, 0.302817556902729, 0.30259335433351536, 0.30237057156079145, 0.3021491877051971, 0.30192920276673235, 0.30171065850411743, 0.3014935131586321, 0.30127778760963647, 0.3010634609777704, 0.3008505541423941, 0.3006390671035074, 0.30042897898175036, 0.30022033153584315, 0.30001306212770534, 0.2998072333954174, 0.29960280358025904, 0.2993997935615904, 0.29919820333941144, 0.29899803291372223, 0.29879926140516255, 0.29873330350647137, 0.4929240683650384, 0.4929240683650384, 0.26463277757209286, 0.26463277757209286, 0.265733620956263, 0.2657336627149833, 0.0, 0.0, 0.2599794154564224, 0.2599794154564224, 0.18392058343279566, 0.18392058343279566, 0.6217925231345398, 0.6217925231345398, 0.5247578265655115, 0.5247578265655115, 0.5337577077201935, 0.5427575888748756, 0.5517574700295577, 0.56075739294296, 0.5697572740976421, 0.5787571552523242, 0.5877570364070062, 0.5967568340442477, 0.6057566316814892, 0.6147563040425699, 0.6237559764036504, 0.6327555234885702, 0.641049097648341, 0.649342588290671, 0.6576360789330012, 0.6659294442991704, 0.6742227679066195, 0.6825160079966279, 0.6908091228104755, 0.6991021541068825, 0.7073950601271286, 0.7156878408712138, 0.7239805380978586, 0.7322729847721815, 0.7405653479290639, 0.7477523577599854, 0.7549392840734663, 0.762126043352066, 0.7693127191132252, 0.7764992278395032, 0.7836850684262566, 0.7908707419781289, 0.7980563320125607, 0.8052416714946707, 0.8124269274593402, 0.8196119328716879, 0.826796854766595, 0.8339815261091805, 0.8411659468994442, 0.8483502841722674, 0.8555349555148528, 0.8627194598225572, 0.8699037135779397, 0.8770877167810006, 0.8842714694317398, 0.8914542198731922, 0.8986368032797633, 0.9058190526165721, 0.9130010514010594, 0.9201826325983437, 0.9261670748024792, 0.9321512664542929, 0.938135207553785, 0.9441188145835148, 0.9501022545783635, 0.9560856110557715, 0.963402156437019, 0.967060470886363, 0.9707185347833854, 0.9755993775278119, 0.9804800532373573, 0.9853603948771404, 0.9902404859646018, 0.995120410017182, 1.0]
rooty = [0.0, 0.016648437071320635, 0.016648437071320635, -0.011298771784167215, -0.01130135560498489, -0.027024482072856106, -0.027024482072856106, -0.014709334355976555, -0.014709334355976555, 0.0550765027063409, 0.0550765027063409, 0.04311568295092507, 0.04300086734949969, 0.04282420708333128, 0.04258635463242429, 0.04228820780926487, 0.04193088365962066, 0.0415157184625408, 0.04104426251051589, 0.04051828532931804, 0.03993974957880067, 0.03931082671241863, 0.03863387087802804, 0.03791140847820616, 0.03714615382977158, 0.036340967405063845, 0.03549886105178357, 0.034622987553312314, 0.03371663018903254, 0.03278317141528738, 0.03182611896458084, 0.030849043207497328, 0.02985560325190188, 0.02884952606357999, 0.027834569927357364, 0.026814534886779998, 0.025793241864754027, 0.024774511784185587, 0.023762155128300745, 0.022759966720805457, 0.021771694406845357, 0.020801039053005763, 0.019851633667951528, 0.018927032962746962, 0.018030692471495708, 0.017165973771180752, 0.016336113162624243, 0.015544211230807379, 0.014793238064710482, 0.01408600193827276, 0.013425149310392317, 0.012813156995166095, 0.012252313892449749, 0.011744718377937632, 0.011292270473402744, 0.010896666626856687, 0.010559384053029567, 0.01028168856313004, 0.010064618905325213, 0.009908984154820622, 0.009815368933700264, 0.00978412558116655, 0.009815368933700264, 0.009908984154820622, 0.010064618905325213, 0.01028168856313004, 0.010559384053029567, 0.010896666626856687, 0.011292270473402744, 0.011744718377937632, 0.012252313892449749, 0.012813156995166095, 0.013425149310392317, 0.01408600193827276, 0.014793238064710482, 0.015544211230807379, 0.016336113162624243, 0.017165973771180752, 0.018030692471495708, 0.018927032962746962, 0.019851633667951528, 0.020801039053005763, 0.021771694406845357, 0.022759966720805457, 0.023762155128300745, 0.024774511784185587, 0.025793241864754027, 0.026814534886779998, 0.027834569927357364, 0.02884952606357999, 0.02985560325190188, 0.030849043207497328, 0.03182611896458084, 0.03278317141528738, 0.03371663018903254, 0.034622987553312314, 0.03549886105178357, 0.036340967405063845, 0.03714615382977158, 0.03791140847820616, 0.03863387087802804, 0.03931082671241863, 0.03993974957880067, 0.04051828532931804, 0.04104426251051589, 0.0415157184625408, 0.04193088365962066, 0.04228820780926487, 0.04258635463242429, 0.04282420708333128, 0.04300086734949969, 0.04311568295092507, 0.0550765027063409, 0.0550765027063409, 0.05294432332791611, 0.05081198213445022, 0.04867947912594321, 0.04654681952223514, 0.04441399810348596, 0.04228102008953571, 0.04014789070022442, 0.03801459949587203, 0.0358811569161586, 0.03374756296108413, 0.031613812410808594, 0.029479915705012058, 0.02734586240401445, 0.02521166294749584, 0.0230773121156162, 0.020942815128215556, 0.018808171985293914, 0.016673382686851274, 0.014538442013047596, 0.01240336562340299, 0.010268143078237384, 0.008132776987470797, 0.005997269961023246, 0.0038616219988947304, 0.0017258357110052685, -0.0004100889026451393, -0.0025461518420564935, -0.004682350497308776, -0.006818684868401987, -0.008955156260296134, -0.011091759453151185, -0.013228497056887153, -0.015365365156624015, -0.016077684102296503, -0.016077684102296503, -0.027024482072856106, -0.027024482072856106, -0.016191955535398157, -0.016191955535398157, 0.02212183605660044, 0.02212183605660044, -0.016191955535398157, -0.016191955535398157, -0.027024482072856106, -0.027024482072856106, -0.029761181565495773, -0.029761181565496005, -0.027024482072856106, -0.027024482072856106, -0.01130719921590486, -0.011319383627508206, -0.011323798307218405, -0.011320426290555338, -0.011309248003118876, -0.011290247785388908, -0.011263407367925311, -0.011228705871367942, -0.011186128941156701, -0.011135657002891458, -0.011077271787132083, -0.011010955024438456, -0.010936689750330457, -0.010861195203894052, -0.010778892681091076, -0.010689732593441192, -0.010593664047504052, -0.010490636149839309, -0.010380599311966622, -0.010263501335485634, -0.010139292631916007, -0.0100079236127774, -0.009869342079669458, -0.009723498444111842, -0.009570340507704191, -0.00940981998692618, -0.009264678419853366, -0.009113881156101863, -0.00895737469231131, -0.008795102915201318, -0.008627012321411526, -0.008453058542301625, -0.008273165890191102, -0.008087263897239473, -0.007895283400566265, -0.007697157847211023, -0.007492811549493229, -0.007282167514772356, -0.007065137005767798, -0.006841631285198948, -0.006611566835625233, -0.0063748340404059045, -0.006131344162260356, -0.005880992804387873, -0.005623670350147705, -0.005359267182899102, -0.005087694565361459, -0.004808798512253721, -0.004522440697814941, -0.004228485406204193, -0.003926791701740512, -0.0036693622407796118, -0.0034063632105006143, -0.003137692824022823, -0.00286292305446331, -0.002583612024072733, -0.0023026593539909267, -0.001938322349258745, -0.0017554191544076286, -0.001570469782262516, -0.0013198104538279258, -0.0010648186581637003, -0.0008054213175093395, -0.0005415401342643079, -0.0002730968108280696, 0.0]
roots = [4, 4.0, 4.0, 4.0, 4.0, 0.0, 0.0, 0.0, 4.0, 4.0, 4.0, 4.0, 0.0, 0.0, 0.0, 0.0, 0.0, 0.0, 0.0, 0.0, 0.0, 0.0, 0.0, 0.0, 0.0, 0.0, 0.0, 0.0, 0.0, 0.0, 0.0, 0.0, 0.0, 0.0, 0.0, 0.0, 0.0, 0.0, 0.0, 0.0, 0.0, 0.0, 0.0, 0.0, 0.0, 0.0, 0.0, 0.0, 0.0, 0.0, 0.0, 0.0, 0.0, 0.0, 0.0, 0.0, 0.0, 0.0, 0.0, 0.0, 0.0, 0.0, 0.0, 0.0, 0.0, 0.0, 0.0, 0.0, 0.0, 0.0, 0.0, 0.0, 0.0, 0.0, 0.0, 0.0, 0.0, 0.0, 0.0, 0.0, 0.0, 0.0, 0.0, 0.0, 0.0, 0.0, 0.0, 0.0, 0.0, 0.0, 0.0, 0.0, 0.0, 0.0, 0.0, 0.0, 0.0, 0.0, 0.0, 0.0, 0.0, 0.0, 0.0, 0.0, 0.0, 0.0, 0.0, 0.0, 0.0, 0.0, 0.0, 4.0, 4.0, 4.0, 0.0, 0.0, 0.0, 0.0, 0.0, 0.0, 0.0, 0.0, 0.0, 0.0, 0.0, 0.0, 0.0, 0.0, 0.0, 0.0, 0.0, 0.0, 0.0, 0.0, 0.0, 0.0, 0.0, 0.0, 0.0, 0.0, 0.0, 0.0, 0.0, 0.0, 0.0, 0.0, 0.0, 4.0, 4.0, 0.0, 0.0, 4.0, 4.0, 4.0, 4.0, 4.0, 4.0, 0.0, 0.0, 0.0, 0.0, 0.0, 0.0, 4.0, 0.0, 0.0, 0.0, 0.0, 0.0, 0.0, 0.0, 0.0, 0.0, 0.0, 0.0, 0.0, 0.0, 0.0, 0.0, 0.0, 0.0, 0.0, 0.0, 0.0, 0.0, 0.0, 0.0, 0.0, 0.0, 0.0, 0.0, 0.0, 0.0, 0.0, 0.0, 0.0, 0.0, 0.0, 0.0, 0.0, 0.0, 0.0, 0.0, 0.0, 0.0, 0.0, 0.0, 0.0, 0.0, 0.0, 0.0, 0.0, 0.0, 0.0, 0.0, 0.0, 0.0, 0.0, 0.0, 0.0, 0.0, 0.0, 0.0, 0.0, 0.0, 0.0, 0.0, 0.0, 4]
tipx = [1.0, 1.0, 0.520520235148365, 0.520520235148365, 0.5217305698971241, 0.5217305698971241, 0.4964275832382835, 0.4964275832382835, 0.4960042333320277, 0.4960042333320277, 0.4152715982991506, 0.4152715982991506, 0.41628646047825263, 0.4172924280499337, 0.41828570097064804, 0.4192625627142901, 0.42021933851347476, 0.421152520635698, 0.4220585595897356, 0.42293403116052414, 0.4237757199266015, 0.4245804939839464, 0.42534526318725774, 0.4260671879435559, 0.42674363745346305, 0.4273719809176011, 0.4279499216063544, 0.42847528806626806, 0.42894607587876843, 0.42936057293632374, 0.4297172341662834, 0.430014681530878, 0.4302518293033802, 0.4304278005506639, 0.4305418853744843, 0.43059370794635876, 0.43058305947268594, 0.43050993995346576, 0.43037472521718084, 0.43017779109231374, 0.4299199727532702, 0.42960218889189644, 0.4292256505110808, 0.42879177740731295, 0.4283021146532435, 0.4277586249087259, 0.4271632290748932, 0.4265182238813611, 0.425825989575186, 0.4250891151970256, 0.42431035682241863, 0.42349267932050544, 0.4226390893191466, 0.4217528022398041, 0.4208371587801008, 0.4198954996376596, 0.4189314578211452, 0.41794858282178204, 0.41695059116567545, 0.4159411576202106, 0.41492412398765377, 0.41390324855283067, 0.4128823731180076, 0.4118652977267304, 0.4108559059399859, 0.409857872525159, 0.4088749975257958, 0.4079109557092815, 0.4069693383255605, 0.4060536531071369, 0.40516736602779446, 0.4043137760264356, 0.40349609852452245, 0.40271738190863576, 0.4019805075304753, 0.4012882732243002, 0.40064322627204785, 0.40004787219693544, 0.39950434069369756, 0.39901471969834834, 0.3985808048358602, 0.3982042664550446, 0.3978864825936709, 0.3976286642546273, 0.3974317718884805, 0.3972965153934753, 0.3972234376329754, 0.3972127474005823, 0.3972645699724568, 0.39737869655499747, 0.39755462604356084, 0.397791773816063, 0.39808922118065765, 0.39844588241061735, 0.39886037946817265, 0.39933120903939323, 0.3998565754993069, 0.40043451618806025, 0.4010628596521983, 0.40173926740338517, 0.40246119215968335, 0.4032260031217149, 0.4040307354203395, 0.40487242418641695, 0.40574793751592575, 0.4066539764699633, 0.4075871168334663, 0.40854393439137127, 0.4095207961350133, 0.41051406905572757, 0.41151999486868845, 0.41253489880651073, 0.41253489880651073, 0.3061047198461742, 0.30586074452290535, 0.3056181889961262, 0.3053770323864766, 0.30513729557331676, 0.3048989785566466, 0.304662060457106, 0.3044265621540551, 0.3041924627681338, 0.3039597831787022, 0.3037285233857603, 0.30349866250994795, 0.3032702214306254, 0.30304317926843233, 0.302817556902729, 0.30259335433351536, 0.30237057156079145, 0.3021491877051971, 0.30192920276673235, 0.30171065850411743, 0.3014935131586321, 0.30127778760963647, 0.3010634609777704, 0.3008505541423941, 0.3006390671035074, 0.30042897898175036, 0.30022033153584315, 0.30001306212770534, 0.2998072333954174, 0.29960280358025904, 0.2993997935615904, 0.29919820333941144, 0.29899803291372223, 0.29879926140516255, 0.29873330350647137, 0.4929240683650384, 0.4929240683650384, 0.26463277757209286, 0.26463277757209286, 0.265733620956263, 0.2657336627149833, 0.0, 0.0, 0.2599794154564224, 0.2599794154564224, 0.18392058343279566, 0.18392058343279566, 0.6217925231345398, 0.6217925231345398, 0.5247578265655115, 0.5247578265655115, 0.5337577077201935, 0.5427575888748756, 0.5517574700295577, 0.56075739294296, 0.5697572740976421, 0.5787571552523242, 0.5877570364070062, 0.5967568340442477, 0.6057566316814892, 0.6147563040425699, 0.6237559764036504, 0.6327555234885702, 0.641049097648341, 0.649342588290671, 0.6576360789330012, 0.6659294442991704, 0.6742227679066195, 0.6825160079966279, 0.6908091228104755, 0.6991021541068825, 0.7073950601271286, 0.7156878408712138, 0.7239805380978586, 0.7322729847721815, 0.7405653479290639, 0.7477523577599854, 0.7549392840734663, 0.762126043352066, 0.7693127191132252, 0.7764992278395032, 0.7836850684262566, 0.7908707419781289, 0.7980563320125607, 0.8052416714946707, 0.8124269274593402, 0.8196119328716879, 0.826796854766595, 0.8339815261091805, 0.8411659468994442, 0.8483502841722674, 0.8555349555148528, 0.8627194598225572, 0.8699037135779397, 0.8770877167810006, 0.8842714694317398, 0.8914542198731922, 0.8986368032797633, 0.9058190526165721, 0.9130010514010594, 0.9201826325983437, 0.9261670748024792, 0.9321512664542929, 0.938135207553785, 0.9441188145835148, 0.9501022545783635, 0.9560856110557715, 0.963402156437019, 0.967060470886363, 0.9707185347833854, 0.9755993775278119, 0.9804800532373573, 0.9853603948771404, 0.9902404859646018, 0.995120410017182, 1.0]
tipy = [0.0, 0.016648437071320635, 0.016648437071320635, -0.011298771784167215, -0.01130135560498489, -0.027024482072856106, -0.027024482072856106, -0.014709334355976555, -0.014709334355976555, 0.0550765027063409, 0.0550765027063409, 0.04311568295092507, 0.04300086734949969, 0.04282420708333128, 0.04258635463242429, 0.04228820780926487, 0.04193088365962066, 0.0415157184625408, 0.04104426251051589, 0.04051828532931804, 0.03993974957880067, 0.03931082671241863, 0.03863387087802804, 0.03791140847820616, 0.03714615382977158, 0.036340967405063845, 0.03549886105178357, 0.034622987553312314, 0.03371663018903254, 0.03278317141528738, 0.03182611896458084, 0.030849043207497328, 0.02985560325190188, 0.02884952606357999, 0.027834569927357364, 0.026814534886779998, 0.025793241864754027, 0.024774511784185587, 0.023762155128300745, 0.022759966720805457, 0.021771694406845357, 0.020801039053005763, 0.019851633667951528, 0.018927032962746962, 0.018030692471495708, 0.017165973771180752, 0.016336113162624243, 0.015544211230807379, 0.014793238064710482, 0.01408600193827276, 0.013425149310392317, 0.012813156995166095, 0.012252313892449749, 0.011744718377937632, 0.011292270473402744, 0.010896666626856687, 0.010559384053029567, 0.01028168856313004, 0.010064618905325213, 0.009908984154820622, 0.009815368933700264, 0.00978412558116655, 0.009815368933700264, 0.009908984154820622, 0.010064618905325213, 0.01028168856313004, 0.010559384053029567, 0.010896666626856687, 0.011292270473402744, 0.011744718377937632, 0.012252313892449749, 0.012813156995166095, 0.013425149310392317, 0.01408600193827276, 0.014793238064710482, 0.015544211230807379, 0.016336113162624243, 0.017165973771180752, 0.018030692471495708, 0.018927032962746962, 0.019851633667951528, 0.020801039053005763, 0.021771694406845357, 0.022759966720805457, 0.023762155128300745, 0.024774511784185587, 0.025793241864754027, 0.026814534886779998, 0.027834569927357364, 0.02884952606357999, 0.02985560325190188, 0.030849043207497328, 0.03182611896458084, 0.03278317141528738, 0.03371663018903254, 0.034622987553312314, 0.03549886105178357, 0.036340967405063845, 0.03714615382977158, 0.03791140847820616, 0.03863387087802804, 0.03931082671241863, 0.03993974957880067, 0.04051828532931804, 0.04104426251051589, 0.0415157184625408, 0.04193088365962066, 0.04228820780926487, 0.04258635463242429, 0.04282420708333128, 0.04300086734949969, 0.04311568295092507, 0.0550765027063409, 0.0550765027063409, 0.05294432332791611, 0.05081198213445022, 0.04867947912594321, 0.04654681952223514, 0.04441399810348596, 0.04228102008953571, 0.04014789070022442, 0.03801459949587203, 0.0358811569161586, 0.03374756296108413, 0.031613812410808594, 0.029479915705012058, 0.02734586240401445, 0.02521166294749584, 0.0230773121156162, 0.020942815128215556, 0.018808171985293914, 0.016673382686851274, 0.014538442013047596, 0.01240336562340299, 0.010268143078237384, 0.008132776987470797, 0.005997269961023246, 0.0038616219988947304, 0.0017258357110052685, -0.0004100889026451393, -0.0025461518420564935, -0.004682350497308776, -0.006818684868401987, -0.008955156260296134, -0.011091759453151185, -0.013228497056887153, -0.015365365156624015, -0.016077684102296503, -0.016077684102296503, -0.027024482072856106, -0.027024482072856106, -0.016191955535398157, -0.016191955535398157, 0.02212183605660044, 0.02212183605660044, -0.016191955535398157, -0.016191955535398157, -0.027024482072856106, -0.027024482072856106, -0.029761181565495773, -0.029761181565496005, -0.027024482072856106, -0.027024482072856106, -0.01130719921590486, -0.011319383627508206, -0.011323798307218405, -0.011320426290555338, -0.011309248003118876, -0.011290247785388908, -0.011263407367925311, -0.011228705871367942, -0.011186128941156701, -0.011135657002891458, -0.011077271787132083, -0.011010955024438456, -0.010936689750330457, -0.010861195203894052, -0.010778892681091076, -0.010689732593441192, -0.010593664047504052, -0.010490636149839309, -0.010380599311966622, -0.010263501335485634, -0.010139292631916007, -0.0100079236127774, -0.009869342079669458, -0.009723498444111842, -0.009570340507704191, -0.00940981998692618, -0.009264678419853366, -0.009113881156101863, -0.00895737469231131, -0.008795102915201318, -0.008627012321411526, -0.008453058542301625, -0.008273165890191102, -0.008087263897239473, -0.007895283400566265, -0.007697157847211023, -0.007492811549493229, -0.007282167514772356, -0.007065137005767798, -0.006841631285198948, -0.006611566835625233, -0.0063748340404059045, -0.006131344162260356, -0.005880992804387873, -0.005623670350147705, -0.005359267182899102, -0.005087694565361459, -0.004808798512253721, -0.004522440697814941, -0.004228485406204193, -0.003926791701740512, -0.0036693622407796118, -0.0034063632105006143, -0.003137692824022823, -0.00286292305446331, -0.002583612024072733, -0.0023026593539909267, -0.001938322349258745, -0.0017554191544076286, -0.001570469782262516, -0.0013198104538279258, -0.0010648186581637003, -0.0008054213175093395, -0.0005415401342643079, -0.0002730968108280696, 0.0]
tips = [4, 4.0, 4.0, 4.0, 4.0, 0.0, 0.0, 0.0, 4.0, 4.0, 4.0, 4.0, 0.0, 0.0, 0.0, 0.0, 0.0, 0.0, 0.0, 0.0, 0.0, 0.0, 0.0, 0.0, 0.0, 0.0, 0.0, 0.0, 0.0, 0.0, 0.0, 0.0, 0.0, 0.0, 0.0, 0.0, 0.0, 0.0, 0.0, 0.0, 0.0, 0.0, 0.0, 0.0, 0.0, 0.0, 0.0, 0.0, 0.0, 0.0, 0.0, 0.0, 0.0, 0.0, 0.0, 0.0, 0.0, 0.0, 0.0, 0.0, 0.0, 0.0, 0.0, 0.0, 0.0, 0.0, 0.0, 0.0, 0.0, 0.0, 0.0, 0.0, 0.0, 0.0, 0.0, 0.0, 0.0, 0.0, 0.0, 0.0, 0.0, 0.0, 0.0, 0.0, 0.0, 0.0, 0.0, 0.0, 0.0, 0.0, 0.0, 0.0, 0.0, 0.0, 0.0, 0.0, 0.0, 0.0, 0.0, 0.0, 0.0, 0.0, 0.0, 0.0, 0.0, 0.0, 0.0, 0.0, 0.0, 0.0, 0.0, 4.0, 4.0, 4.0, 0.0, 0.0, 0.0, 0.0, 0.0, 0.0, 0.0, 0.0, 0.0, 0.0, 0.0, 0.0, 0.0, 0.0, 0.0, 0.0, 0.0, 0.0, 0.0, 0.0, 0.0, 0.0, 0.0, 0.0, 0.0, 0.0, 0.0, 0.0, 0.0, 0.0, 0.0, 0.0, 0.0, 4.0, 4.0, 0.0, 0.0, 4.0, 4.0, 4.0, 4.0, 4.0, 4.0, 0.0, 0.0, 0.0, 0.0, 0.0, 0.0, 4.0, 0.0, 0.0, 0.0, 0.0, 0.0, 0.0, 0.0, 0.0, 0.0, 0.0, 0.0, 0.0, 0.0, 0.0, 0.0, 0.0, 0.0, 0.0, 0.0, 0.0, 0.0, 0.0, 0.0, 0.0, 0.0, 0.0, 0.0, 0.0, 0.0, 0.0, 0.0, 0.0, 0.0, 0.0, 0.0, 0.0, 0.0, 0.0, 0.0, 0.0, 0.0, 0.0, 0.0, 0.0, 0.0, 0.0, 0.0, 0.0, 0.0, 0.0, 0.0, 0.0, 0.0, 0.0, 0.0, 0.0, 0.0, 0.0, 0.0, 0.0, 0.0, 0.0, 0.0, 0.0, 4]
nameroot = 156mm_v2.dxf
nametip = 156mm_v2.dxf

[Transform]
croot = 365.4
ctip = 365.4
incidenceroot = 0.0
thicknessroot = 100.0
tethicknessroot = 0.0
vinvertroot = 0
incidencetip = 0.0
thicknesstip = 100.0
tethicknesstip = 0.0
vinverttip = 0
covering = 0.0
smooth = 1
nbrpoints = 201
repartition = 1.0
reducepoints = 0

[Bloc]
bloclx = 156.0
blochz = 50.0
fleading = 0.0
ftrailing = 0.0
mleading = 5.0
mtrailing = 10.0
cbcutboth = 0
cbrotdelta = 0
rbleftwing = 1
rbrightwing = 0
rbtabletoblockleft = 0
rbtabletoblockright = 1
bloctotableleft = 689.0
bloctotableright = 10.0
bloctotabletrailingroot = 10.0
hoffset = 0.0
hprofileroot = 20.0
hprofiletip = 20.0
cbalignprofiles = 0
angleinroot = 0.0
angleintip = 0.0
angleoutroot = 0.0
angleouttip = 0.0
gbextracutcmdsactive = 0
extracutcommands = X; LE;=; 0;=; 0;=; 8;=; 1;=; 8;=; 2;=; 10;=
	L; TE;=; 90;=; 5;=

[Material]
mspeednorm = 3.5
mspeedhalf = 1.8
mspeedmin = 0.5
mspeedmax = 6.0
mradspnorm = 1.4
mradsphalf = 3.0
mheatspnorm = 80.0
mname = Yellow foam 40 kg/m3
mhotwire = NiCr, 800 mm x 0.3 mm, 24 V

[Table]
tableyy = 855.0
tableyg = 0.0
tableyd = 0.0
maxdiag = 1000.0
cmaxy = 660.0
cmaxz = 360.0
vmaxy = 60.0
vmaxz = 60.0
theatingmax = 100.0
tsvaluemin = 0.0
tsvaluemax = 1000.0
tname = My CNC
tcomport = Select port
tbaudrate = 115200
tpreheat = 4.0
tpostheat = 4.0
vcut = 3.5
gcodestart1 = 
gcodestart2 = 
gcodestart3 = 
gcodestart4 = 
gcodeend1 = 
gcodeend2 = 
gcodeend3 = 
gcodeend4 = 
gcodeletters = XYAZ

[Cut]
vcut = 3.5
vheat = 80.0
vusefoamparam = 1

[Guillotine]
gcuttingspeed = 3.5
gheating = 80.0
gusefoamparam = 1

