[Profil]
rootx = [1.0, 1.0, 0.9451557270977415, 0.9343824022413956, 0.9236086602104729, 0.9128345010049735, 0.9020597855667053, 0.8934395682298755, 0.8848187946602767, 0.8761975343870051, 0.8675756483518684, 0.8589530670257706, 0.8521776651962654, 0.8454017766630874, 0.8386252623680442, 0.831848122311136, 0.8250703564923628, 0.8189081317615308, 0.8127453507979299, 0.8065818745433677, 0.8004177725269405, 0.7942529752195521, 0.7880874826212024, 0.7819212252027955, 0.7762682315719388, 0.770614542650121, 0.764960227966438, 0.7593052179917938, 0.7536495127261886, 0.747993112169622, 0.7431441530062851, 0.7382946376101793, 0.7334445659813045, 0.7285939381196607, 0.723742754025248, 0.7188910136980663, 0.7140386476090196, 0.7095901065102318, 0.7051410787077712, 0.7006915642016377, 0.6962414934627353, 0.6917909360201601, 0.6873398223448159, 0.6833017115004184, 0.6792631834814442, 0.6752242382878932, 0.6711848063906696, 0.667144957318869, 0.6631046215433958, 0.659294844250653, 0.6554846497833334, 0.6516741076705334, 0.6478631483831565, 0.644051841450299, 0.640240186871961, 0.6364281151190463, 0.6326157652497472, 0.6288029982058712, 0.6249898835165147, 0.6212445596958742, 0.6174988882297531, 0.6137528691181513, 0.6100065718901652, 0.6061917885025018, 0.6023767269984539, 0.5985613178489255, 0.5947455610539165, 0.5909295956716191, 0.5871814211580377, 0.583433038057168, 0.5796843420753657, 0.575935437506275, 0.5721097380505209, 0.5682838300074785, 0.5644576786125998, 0.5606313186304326, 0.5568047152964289, 0.5529779381396851, 0.5491509523956528, 0.5453321363204146, 0.541513146422436, 0.5376939827017171, 0.533874679922806, 0.5300552380857027, 0.5263038652336998, 0.5225523533235047, 0.5188007718842135, 0.5150490861512781, 0.5112207098253234, 0.5073922987348207, 0.5035637833506739, 0.499735233201979, 0.495906648288736, 0.4920779938463969, 0.4882493394040578, 0.4844206501971706, 0.48059196099028345, 0.47676330654794435, 0.4729346173410572, 0.46910599766326616, 0.4652773779854751, 0.46144879307223213, 0.45723741572030613, 0.45302610789747627, 0.44881486960374256, 0.44460370083910494, 0.4403926363681115, 0.43634134975999944, 0.4322901674455316, 0.4282390894247079, 0.4241881156975284, 0.42013728102854114, 0.41608662018229414, 0.4113127872073138, 0.40653916281962177, 0.40176574701921813, 0.39699253980610283, 0.3921220961520651, 0.38725189584986386, 0.3823818693704029, 0.3775120514782303, 0.372642407408798, 0.36777293716210596, 0.3629036755027023, 0.35722311358523445, 0.351542760255055, 0.34586265027671187, 0.3401827488856572, 0.33450309084643887, 0.3288236413945089, 0.32213028389842413, 0.31543723928327183, 0.30874443801995594, 0.3020519148730246, 0.29523799392426947, 0.28842435109189885, 0.28161096899363863, 0.2747978302472149, 0.26798495223490154, 0.2612939761103588, 0.2546032085731044, 0.24791266700541242, 0.24122235140728282, 0.23439570663393794, 0.22756928783015543, 0.22074314714275742, 0.2139173019540179, 0.207091804410759, 0.20026668927752872, 0.19344197393660115, 0.18776746105049563, 0.18209329580987074, 0.1764194608324524, 0.17074600826506273, 0.16507293810770168, 0.15940028512491736, 0.15405217658054238, 0.14870446782847005, 0.14335722839779655, 0.13801046697965885, 0.13266422702974204, 0.1282094543857146, 0.12375509022512687, 0.11930116931252689, 0.11484770033905169, 0.1103947093781123, 0.10594221381198275, 0.10174462929449939, 0.09754753148068886, 0.09335092906168817, 0.08915483941977136, 0.08495930601062349, 0.08114569592645712, 0.07733258123710061, 0.07352001408937604, 0.06970800751998892, 0.0658965876023503, 0.06208578910100825, 0.0582756337438053, 0.05478357834691515, 0.051292109601773495, 0.04780124923622288, 0.04431101028696883, 0.040821423172990895, 0.0373325009309946, 0.03384427180717524, 0.030356751011022587, 0.02686996244316344, 0.02338392565865608, 0.019898679767617073, 0.01641425953459448, 0.013129741971266684, 0.009846025078936383, 0.0065631414493673825, 0.0032811223163333302, 0.0, 0.0, 0.04419349307782225, 0.04406106622312666, 0.06643050153144787, 0.08836456302214613, 0.08824724136358239, 0.09649438295291184, 0.10474366256194695, 0.1129950106615916, 0.12124840117843474, 0.12950376458338025, 0.1377610574207431, 0.14602022754370111, 0.1542812401877063, 0.16254404320593657, 0.17080856706929576, 0.17907477701323585, 0.1873426035086607, 0.1956120465555703, 0.2038830018603205, 0.21215545204063727, 0.22042932756742445, 0.22870459367613402, 0.2369811982199439, 0.24525910643430598, 0.25353823140785015, 0.2618185557583024, 0.2701000099565666, 0.27838255923809463, 0.2866661340737904, 0.29495069969910587, 0.303236238731767, 0.3115226121135816, 0.31980985460909767, 0.3280978966892191, 0.3363866688248498, 0.34467613625144167, 0.3529662642044467, 0.36125694839022066, 0.36954818880876356, 0.3778399159309793, 0.3861320949923198, 0.39442469122823703, 0.4027176003450868, 0.4110108223428691, 0.41930425292793977, 0.4275979268648468, 0.4358917050953981, 0.44418558761959354, 0.45247953967288507, 0.4607734569616286, 0.46906733948582396, 0.47736111771637524, 0.4856547221241862, 0.49394815270925685, 0.5022413051779431, 0.5105341447656967, 0.5188266714725178, 0.5271187810047622, 0.5354104385978818, 0.5437015747227806, 0.5519921893794584, 0.5602821782742712, 0.5685715414072189, 0.5768601744846573, 0.5851481122711345, 0.5934352157084584, 0.6017214152675326, 0.6100067804774535, 0.6182912418091249, 0.6265745906752582, 0.634856966134046, 0.6431382291272958, 0.6514183796550077, 0.6596972786589895, 0.6679749956683373, 0.6762513220957627, 0.6845263969994579, 0.6928000117921347, 0.701072236002889, 0.7093429305735288, 0.7176120955040539, 0.7258796612653684, 0.7341455583283759, 0.7424097866930766, 0.7506722768303743, 0.758932959211173, 0.7671918338354725, 0.7754488311741767, 0.7837038121690937, 0.7919568463493192, 0.8002078641857573, 0.8084567961493118, 0.8167035727108866, 0.8249481243413856, 0.833190520569905, 0.8414305528091562, 0.8496682905882357, 0.857903664378047, 0.866136535120398, 0.8743669723443849, 0.8825949065209114, 0.8908201985917855, 0.8990429180861031, 0.9072629259456721, 0.9154801526413965, 0.9154801526413965, 0.9542994985283472, 0.9719260282727554, 0.9719260282727554, 1.0]
rooty = [0.0, 0.03869429780758073, 0.04540110918376457, 0.04671549590793458, 0.04802695371893058, 0.04933460481191406, 0.050637580073183544, 0.051675997123720355, 0.05271039886895629, 0.05374035075204061, 0.054765331304752425, 0.05578457570703443, 0.056580840298062894, 0.0573726289535287, 0.058159524498855135, 0.05894112714173951, 0.05971701970760512, 0.06041707341187896, 0.061111773375751646, 0.06180084148283869, 0.062483999616755624, 0.06316096966111796, 0.06383146480840424, 0.06449521563336695, 0.06509748535508648, 0.06569362782521053, 0.06628343445645073, 0.06686669666151873, 0.06744318847085215, 0.06801269260602562, 0.06849512023944708, 0.06897209852996022, 0.06944342758141371, 0.06990893357106721, 0.07036842529390644, 0.07082172023605406, 0.07126862719249576, 0.07167253040298786, 0.07207076699214628, 0.07246318921064174, 0.07284966669141903, 0.07323005168514889, 0.07360419644250207, 0.07393806647092835, 0.07426658275895347, 0.07458964970407025, 0.0749071890860456, 0.07521913137578334, 0.0755254070441874, 0.07580892931588654, 0.07608729774333585, 0.07636044279743921, 0.07662830364023754, 0.07689083681604576, 0.07714796410463072, 0.07739963335917034, 0.07764579243284254, 0.07788636310541418, 0.07812131061233718, 0.07834651535466652, 0.07856616646044337, 0.07878022047398263, 0.07898860786618819, 0.07919490938551019, 0.079395257475977, 0.07958961737304057, 0.07977797169442685, 0.0799602769844508, 0.08013343050719807, 0.08030069143904926, 0.08046205978000438, 0.08061749207437834, 0.0807699519998932, 0.08091618038016841, 0.08105615114179292, 0.08118982952021864, 0.08131718944203456, 0.08143821352496665, 0.08155285831332981, 0.08166088045528765, 0.08176250592040253, 0.08185770863526343, 0.08194651467328139, 0.08202891534331938, 0.08210362435709921, 0.08217218004587251, 0.0822345824096393, 0.08229084883067357, 0.082341944025184, 0.0823866599251255, 0.0824249965304981, 0.08245697991471283, 0.08248261007776969, 0.08250189571080568, 0.08251484550495784, 0.08252146815136317, 0.08252177234115869, 0.08251576676548142, 0.08250355571797552, 0.08248521741887414, 0.08246083877954744, 0.08243053278477658, 0.08239044056972697, 0.08234340413620249, 0.08228953646898432, 0.0822289766262647, 0.08216183759282482, 0.08209115257548287, 0.0820146097317929, 0.08193231335539909, 0.08184437643108262, 0.0817509206347617, 0.08165203287780651, 0.08152869695242847, 0.08139822560356122, 0.08126085349190416, 0.08111685004270477, 0.08096331241620006, 0.08080338680398941, 0.08063732524904627, 0.08046539717661809, 0.08028786332081532, 0.08010499310688542, 0.0799170385778018, 0.07969168608614322, 0.07946020634288914, 0.07922299914034225, 0.07898049903535333, 0.07873310582022501, 0.07848107153793077, 0.07817824625092161, 0.07786931978572802, 0.07755448334736431, 0.07723391075857078, 0.07690181372209554, 0.07656415435793078, 0.07622113256222784, 0.07587293954000106, 0.07551975780512775, 0.07516821869515024, 0.07481224710529515, 0.07445202554943978, 0.07408772785032444, 0.07371195785034947, 0.07333192919323721, 0.07294712910190379, 0.0725570882549504, 0.07216130256643019, 0.07175926795039628, 0.07135050639431285, 0.07100512930047889, 0.0706544766864769, 0.07029825305364837, 0.06993618897674586, 0.06956798026597383, 0.06919335749608482, 0.06883401374506795, 0.0684684210665374, 0.06809624919728659, 0.06771715049183492, 0.06733078599583882, 0.06700301714559699, 0.06666976418789877, 0.0663308185354558, 0.06598598898325378, 0.06563507563514134, 0.06527787859496716, 0.06493516098905974, 0.06458651602770818, 0.06423176988817218, 0.06387075743884846, 0.06350329616585972, 0.06316344663516721, 0.06281793048314101, 0.06246658257817782, 0.06210923778867438, 0.061745739674164406, 0.06137592310304462, 0.06099963163484876, 0.06064886603606558, 0.06029240774253765, 0.059930117696072746, 0.05956188291188967, 0.0591875730229332, 0.05880706635328512, 0.05842024991816425, 0.058026975968241336, 0.05762714020987219, 0.05722061227600159, 0.056807244417300284, 0.056386897575576043, 0.05598403730152572, 0.05557471082153633, 0.05515880515082669, 0.05473618992234156, 0.054306743460162746, 0.00018359157830213842, 0.00018359157830213842, -0.03743486731554, -0.037320780932730044, -0.003073859611577095, 0.019930741372064933, 0.020810510407532283, 0.021670089931714084, 0.022509471253473325, 0.023328654372810006, 0.024127630598587115, 0.024906399930804644, 0.025664953678325584, 0.02640328315001292, 0.027121388345866648, 0.02781926926588677, 0.028496908527799264, 0.029154314822741133, 0.02979148815071238, 0.03040841112943898, 0.031005083758920932, 0.03158150603915823, 0.03213766927901387, 0.03267358216962485, 0.03318922732871716, 0.03368460475629079, 0.03415971445234573, 0.034614556416882, 0.03504913064989958, 0.03546341976912446, 0.03585743246569365, 0.03623116873960714, 0.036584619899727916, 0.036917777254918974, 0.03723065818745434, 0.037523245315059975, 0.03779553863773589, 0.03804754684661909, 0.03827925255943556, 0.03849067315845931, 0.038681782570279315, 0.038852606868306605, 0.03900312867026716, 0.03913334797616098, 0.03924326478598805, 0.0393328877908854, 0.039402199608579, 0.03945121762134288, 0.03947992444690299, 0.039488337467533385, 0.03947644799209705, 0.03944424732945695, 0.039391752861887126, 0.03931894720711355, 0.03922584774741025, 0.039112437100503196, 0.03897873264866642, 0.038824734391899915, 0.03865043363906667, 0.038455830390166694, 0.03824093333633699, 0.03800574247757756, 0.03775024912275139, 0.037474470654132515, 0.03717840707172093, 0.036862040993242605, 0.036525398492108584, 0.036168470877181856, 0.03579125814846242, 0.035393760305950275, 0.034975986040782434, 0.03453794404409591, 0.03407961693361668, 0.03360103078275578, 0.03310216820923919, 0.03258304659534094, 0.032043657249924, 0.03148401755526242, 0.03090411882021917, 0.030303969735931274, 0.029683570302398727, 0.029042929210758545, 0.02838205515214774, 0.027700930744292286, 0.02699958206060323, 0.026278009101080566, 0.025536203174587283, 0.02477418166339741, 0.02399195325864796, 0.02318950926920192, 0.022366858386196304, 0.02152400930076813, 0.020660962012917394, 0.01977772521378111, 0.0188743075944963, 0.01795070480949445, 0.017006934241049588, 0.016042991543593215, 0.015058889753830844, 0.014054628871762481, 0.013030221934093648, 0.011985664595255834, 0.010920974237523074, 0.009836150860895362, 0.008731203156509717, 0.007606135469934646, -0.010835440412591218, -0.05449631454073112, -0.05449631454073112, 0.0, 0.0]
roots = [4, 0, 0, 0, 0, 0, 0, 0, 0, 0, 0, 0, 0, 0, 0, 0, 0, 0, 0, 0, 0, 0, 0, 0, 0, 0, 0, 0, 0, 0, 0, 0, 0, 0, 0, 0, 0, 0, 0, 0, 0, 0, 0, 0, 0, 0, 0, 0, 0, 0, 0, 0, 0, 0, 0, 0, 0, 0, 0, 0, 0, 0, 0, 0, 0, 0, 0, 0, 0, 0, 0, 0, 0, 0, 0, 0, 0, 0, 0, 0, 0, 0, 0, 0, 0, 0, 0, 0, 0, 0, 0, 0, 0, 0, 0, 0, 0, 0, 0, 0, 0, 0, 0, 0, 0, 0, 0, 0, 0, 0, 0, 0, 0, 0, 0, 0, 0, 0, 0, 0, 0, 0, 0, 0, 0, 0, 0, 0, 0, 0, 0, 0, 0, 0, 0, 0, 0, 0, 0, 0, 0, 0, 0, 0, 0, 0, 0, 0, 0, 0, 0, 0, 0, 0, 0, 0, 0, 0, 0, 0, 0, 0, 0, 0, 0, 0, 0, 0, 0, 0, 0, 0, 0, 0, 0, 0, 0, 0, 0, 0, 0, 0, 0, 0, 0, 0, 0, 0, 0, 0, 0, 0, 0, 0, 0, 4, 0, 0, 0, 0, 0, 0, 0, 0, 0, 0, 0, 0, 0, 0, 0, 0, 0, 0, 0, 0, 0, 0, 0, 0, 0, 0, 0, 0, 0, 0, 0, 0, 0, 0, 0, 0, 0, 0, 0, 0, 0, 0, 0, 0, 0, 0, 0, 0, 0, 0, 0, 0, 0, 0, 0, 0, 0, 0, 0, 0, 0, 0, 0, 0, 0, 0, 0, 0, 0, 0, 0, 0, 0, 0, 0, 0, 0, 0, 0, 0, 0, 0, 0, 0, 0, 0, 0, 0, 0, 0, 0, 0, 0, 0, 0, 0, 0, 0, 0, 0, 0, 0, 0, 0, 0, 0, 0, 0, 0, 0, 4]
tipx = [1.0, 1.0, 0.9451557270977415, 0.9343824022413956, 0.9236086602104729, 0.9128345010049735, 0.9020597855667053, 0.8934395682298755, 0.8848187946602767, 0.8761975343870051, 0.8675756483518684, 0.8589530670257706, 0.8521776651962654, 0.8454017766630874, 0.8386252623680442, 0.831848122311136, 0.8250703564923628, 0.8189081317615308, 0.8127453507979299, 0.8065818745433677, 0.8004177725269405, 0.7942529752195521, 0.7880874826212024, 0.7819212252027955, 0.7762682315719388, 0.770614542650121, 0.764960227966438, 0.7593052179917938, 0.7536495127261886, 0.747993112169622, 0.7431441530062851, 0.7382946376101793, 0.7334445659813045, 0.7285939381196607, 0.723742754025248, 0.7188910136980663, 0.7140386476090196, 0.7095901065102318, 0.7051410787077712, 0.7006915642016377, 0.6962414934627353, 0.6917909360201601, 0.6873398223448159, 0.6833017115004184, 0.6792631834814442, 0.6752242382878932, 0.6711848063906696, 0.667144957318869, 0.6631046215433958, 0.659294844250653, 0.6554846497833334, 0.6516741076705334, 0.6478631483831565, 0.644051841450299, 0.640240186871961, 0.6364281151190463, 0.6326157652497472, 0.6288029982058712, 0.6249898835165147, 0.6212445596958742, 0.6174988882297531, 0.6137528691181513, 0.6100065718901652, 0.6061917885025018, 0.6023767269984539, 0.5985613178489255, 0.5947455610539165, 0.5909295956716191, 0.5871814211580377, 0.583433038057168, 0.5796843420753657, 0.575935437506275, 0.5721097380505209, 0.5682838300074785, 0.5644576786125998, 0.5606313186304326, 0.5568047152964289, 0.5529779381396851, 0.5491509523956528, 0.5453321363204146, 0.541513146422436, 0.5376939827017171, 0.533874679922806, 0.5300552380857027, 0.5263038652336998, 0.5225523533235047, 0.5188007718842135, 0.5150490861512781, 0.5112207098253234, 0.5073922987348207, 0.5035637833506739, 0.499735233201979, 0.495906648288736, 0.4920779938463969, 0.4882493394040578, 0.4844206501971706, 0.48059196099028345, 0.47676330654794435, 0.4729346173410572, 0.46910599766326616, 0.4652773779854751, 0.46144879307223213, 0.45723741572030613, 0.45302610789747627, 0.44881486960374256, 0.44460370083910494, 0.4403926363681115, 0.43634134975999944, 0.4322901674455316, 0.4282390894247079, 0.4241881156975284, 0.42013728102854114, 0.41608662018229414, 0.4113127872073138, 0.40653916281962177, 0.40176574701921813, 0.39699253980610283, 0.3921220961520651, 0.38725189584986386, 0.3823818693704029, 0.3775120514782303, 0.372642407408798, 0.36777293716210596, 0.3629036755027023, 0.35722311358523445, 0.351542760255055, 0.34586265027671187, 0.3401827488856572, 0.33450309084643887, 0.3288236413945089, 0.32213028389842413, 0.31543723928327183, 0.30874443801995594, 0.3020519148730246, 0.29523799392426947, 0.28842435109189885, 0.28161096899363863, 0.2747978302472149, 0.26798495223490154, 0.2612939761103588, 0.2546032085731044, 0.24791266700541242, 0.24122235140728282, 0.23439570663393794, 0.22756928783015543, 0.22074314714275742, 0.2139173019540179, 0.207091804410759, 0.20026668927752872, 0.19344197393660115, 0.18776746105049563, 0.18209329580987074, 0.1764194608324524, 0.17074600826506273, 0.16507293810770168, 0.15940028512491736, 0.15405217658054238, 0.14870446782847005, 0.14335722839779655, 0.13801046697965885, 0.13266422702974204, 0.1282094543857146, 0.12375509022512687, 0.11930116931252689, 0.11484770033905169, 0.1103947093781123, 0.10594221381198275, 0.10174462929449939, 0.09754753148068886, 0.09335092906168817, 0.08915483941977136, 0.08495930601062349, 0.08114569592645712, 0.07733258123710061, 0.07352001408937604, 0.06970800751998892, 0.0658965876023503, 0.06208578910100825, 0.0582756337438053, 0.05478357834691515, 0.051292109601773495, 0.04780124923622288, 0.04431101028696883, 0.040821423172990895, 0.0373325009309946, 0.03384427180717524, 0.030356751011022587, 0.02686996244316344, 0.02338392565865608, 0.019898679767617073, 0.01641425953459448, 0.013129741971266684, 0.009846025078936383, 0.0065631414493673825, 0.0032811223163333302, 0.0, 0.0, 0.04419349307782225, 0.04406106622312666, 0.06643050153144787, 0.08836456302214613, 0.08824724136358239, 0.09649438295291184, 0.10474366256194695, 0.1129950106615916, 0.12124840117843474, 0.12950376458338025, 0.1377610574207431, 0.14602022754370111, 0.1542812401877063, 0.16254404320593657, 0.17080856706929576, 0.17907477701323585, 0.1873426035086607, 0.1956120465555703, 0.2038830018603205, 0.21215545204063727, 0.22042932756742445, 0.22870459367613402, 0.2369811982199439, 0.24525910643430598, 0.25353823140785015, 0.2618185557583024, 0.2701000099565666, 0.27838255923809463, 0.2866661340737904, 0.29495069969910587, 0.303236238731767, 0.3115226121135816, 0.31980985460909767, 0.3280978966892191, 0.3363866688248498, 0.34467613625144167, 0.3529662642044467, 0.36125694839022066, 0.36954818880876356, 0.3778399159309793, 0.3861320949923198, 0.39442469122823703, 0.4027176003450868, 0.4110108223428691, 0.41930425292793977, 0.4275979268648468, 0.4358917050953981, 0.44418558761959354, 0.45247953967288507, 0.4607734569616286, 0.46906733948582396, 0.47736111771637524, 0.4856547221241862, 0.49394815270925685, 0.5022413051779431, 0.5105341447656967, 0.5188266714725178, 0.5271187810047622, 0.5354104385978818, 0.5437015747227806, 0.5519921893794584, 0.5602821782742712, 0.5685715414072189, 0.5768601744846573, 0.5851481122711345, 0.5934352157084584, 0.6017214152675326, 0.6100067804774535, 0.6182912418091249, 0.6265745906752582, 0.634856966134046, 0.6431382291272958, 0.6514183796550077, 0.6596972786589895, 0.6679749956683373, 0.6762513220957627, 0.6845263969994579, 0.6928000117921347, 0.701072236002889, 0.7093429305735288, 0.7176120955040539, 0.7258796612653684, 0.7341455583283759, 0.7424097866930766, 0.7506722768303743, 0.758932959211173, 0.7671918338354725, 0.7754488311741767, 0.7837038121690937, 0.7919568463493192, 0.8002078641857573, 0.8084567961493118, 0.8167035727108866, 0.8249481243413856, 0.833190520569905, 0.8414305528091562, 0.8496682905882357, 0.857903664378047, 0.866136535120398, 0.8743669723443849, 0.8825949065209114, 0.8908201985917855, 0.8990429180861031, 0.9072629259456721, 0.9154801526413965, 0.9154801526413965, 0.9542994985283472, 0.9719260282727554, 0.9719260282727554, 1.0]
tipy = [0.0, 0.03869429780758073, 0.04540110918376457, 0.04671549590793458, 0.04802695371893058, 0.04933460481191406, 0.050637580073183544, 0.051675997123720355, 0.05271039886895629, 0.05374035075204061, 0.054765331304752425, 0.05578457570703443, 0.056580840298062894, 0.0573726289535287, 0.058159524498855135, 0.05894112714173951, 0.05971701970760512, 0.06041707341187896, 0.061111773375751646, 0.06180084148283869, 0.062483999616755624, 0.06316096966111796, 0.06383146480840424, 0.06449521563336695, 0.06509748535508648, 0.06569362782521053, 0.06628343445645073, 0.06686669666151873, 0.06744318847085215, 0.06801269260602562, 0.06849512023944708, 0.06897209852996022, 0.06944342758141371, 0.06990893357106721, 0.07036842529390644, 0.07082172023605406, 0.07126862719249576, 0.07167253040298786, 0.07207076699214628, 0.07246318921064174, 0.07284966669141903, 0.07323005168514889, 0.07360419644250207, 0.07393806647092835, 0.07426658275895347, 0.07458964970407025, 0.0749071890860456, 0.07521913137578334, 0.0755254070441874, 0.07580892931588654, 0.07608729774333585, 0.07636044279743921, 0.07662830364023754, 0.07689083681604576, 0.07714796410463072, 0.07739963335917034, 0.07764579243284254, 0.07788636310541418, 0.07812131061233718, 0.07834651535466652, 0.07856616646044337, 0.07878022047398263, 0.07898860786618819, 0.07919490938551019, 0.079395257475977, 0.07958961737304057, 0.07977797169442685, 0.0799602769844508, 0.08013343050719807, 0.08030069143904926, 0.08046205978000438, 0.08061749207437834, 0.0807699519998932, 0.08091618038016841, 0.08105615114179292, 0.08118982952021864, 0.08131718944203456, 0.08143821352496665, 0.08155285831332981, 0.08166088045528765, 0.08176250592040253, 0.08185770863526343, 0.08194651467328139, 0.08202891534331938, 0.08210362435709921, 0.08217218004587251, 0.0822345824096393, 0.08229084883067357, 0.082341944025184, 0.0823866599251255, 0.0824249965304981, 0.08245697991471283, 0.08248261007776969, 0.08250189571080568, 0.08251484550495784, 0.08252146815136317, 0.08252177234115869, 0.08251576676548142, 0.08250355571797552, 0.08248521741887414, 0.08246083877954744, 0.08243053278477658, 0.08239044056972697, 0.08234340413620249, 0.08228953646898432, 0.0822289766262647, 0.08216183759282482, 0.08209115257548287, 0.0820146097317929, 0.08193231335539909, 0.08184437643108262, 0.0817509206347617, 0.08165203287780651, 0.08152869695242847, 0.08139822560356122, 0.08126085349190416, 0.08111685004270477, 0.08096331241620006, 0.08080338680398941, 0.08063732524904627, 0.08046539717661809, 0.08028786332081532, 0.08010499310688542, 0.0799170385778018, 0.07969168608614322, 0.07946020634288914, 0.07922299914034225, 0.07898049903535333, 0.07873310582022501, 0.07848107153793077, 0.07817824625092161, 0.07786931978572802, 0.07755448334736431, 0.07723391075857078, 0.07690181372209554, 0.07656415435793078, 0.07622113256222784, 0.07587293954000106, 0.07551975780512775, 0.07516821869515024, 0.07481224710529515, 0.07445202554943978, 0.07408772785032444, 0.07371195785034947, 0.07333192919323721, 0.07294712910190379, 0.0725570882549504, 0.07216130256643019, 0.07175926795039628, 0.07135050639431285, 0.07100512930047889, 0.0706544766864769, 0.07029825305364837, 0.06993618897674586, 0.06956798026597383, 0.06919335749608482, 0.06883401374506795, 0.0684684210665374, 0.06809624919728659, 0.06771715049183492, 0.06733078599583882, 0.06700301714559699, 0.06666976418789877, 0.0663308185354558, 0.06598598898325378, 0.06563507563514134, 0.06527787859496716, 0.06493516098905974, 0.06458651602770818, 0.06423176988817218, 0.06387075743884846, 0.06350329616585972, 0.06316344663516721, 0.06281793048314101, 0.06246658257817782, 0.06210923778867438, 0.061745739674164406, 0.06137592310304462, 0.06099963163484876, 0.06064886603606558, 0.06029240774253765, 0.059930117696072746, 0.05956188291188967, 0.0591875730229332, 0.05880706635328512, 0.05842024991816425, 0.058026975968241336, 0.05762714020987219, 0.05722061227600159, 0.056807244417300284, 0.056386897575576043, 0.05598403730152572, 0.05557471082153633, 0.05515880515082669, 0.05473618992234156, 0.054306743460162746, 0.00018359157830213842, 0.00018359157830213842, -0.03743486731554, -0.037320780932730044, -0.003073859611577095, 0.019930741372064933, 0.020810510407532283, 0.021670089931714084, 0.022509471253473325, 0.023328654372810006, 0.024127630598587115, 0.024906399930804644, 0.025664953678325584, 0.02640328315001292, 0.027121388345866648, 0.02781926926588677, 0.028496908527799264, 0.029154314822741133, 0.02979148815071238, 0.03040841112943898, 0.031005083758920932, 0.03158150603915823, 0.03213766927901387, 0.03267358216962485, 0.03318922732871716, 0.03368460475629079, 0.03415971445234573, 0.034614556416882, 0.03504913064989958, 0.03546341976912446, 0.03585743246569365, 0.03623116873960714, 0.036584619899727916, 0.036917777254918974, 0.03723065818745434, 0.037523245315059975, 0.03779553863773589, 0.03804754684661909, 0.03827925255943556, 0.03849067315845931, 0.038681782570279315, 0.038852606868306605, 0.03900312867026716, 0.03913334797616098, 0.03924326478598805, 0.0393328877908854, 0.039402199608579, 0.03945121762134288, 0.03947992444690299, 0.039488337467533385, 0.03947644799209705, 0.03944424732945695, 0.039391752861887126, 0.03931894720711355, 0.03922584774741025, 0.039112437100503196, 0.03897873264866642, 0.038824734391899915, 0.03865043363906667, 0.038455830390166694, 0.03824093333633699, 0.03800574247757756, 0.03775024912275139, 0.037474470654132515, 0.03717840707172093, 0.036862040993242605, 0.036525398492108584, 0.036168470877181856, 0.03579125814846242, 0.035393760305950275, 0.034975986040782434, 0.03453794404409591, 0.03407961693361668, 0.03360103078275578, 0.03310216820923919, 0.03258304659534094, 0.032043657249924, 0.03148401755526242, 0.03090411882021917, 0.030303969735931274, 0.029683570302398727, 0.029042929210758545, 0.02838205515214774, 0.027700930744292286, 0.02699958206060323, 0.026278009101080566, 0.025536203174587283, 0.02477418166339741, 0.02399195325864796, 0.02318950926920192, 0.022366858386196304, 0.02152400930076813, 0.020660962012917394, 0.01977772521378111, 0.0188743075944963, 0.01795070480949445, 0.017006934241049588, 0.016042991543593215, 0.015058889753830844, 0.014054628871762481, 0.013030221934093648, 0.011985664595255834, 0.010920974237523074, 0.009836150860895362, 0.008731203156509717, 0.007606135469934646, -0.010835440412591218, -0.05449631454073112, -0.05449631454073112, 0.0, 0.0]
tips = [4, 0, 0, 0, 0, 0, 0, 0, 0, 0, 0, 0, 0, 0, 0, 0, 0, 0, 0, 0, 0, 0, 0, 0, 0, 0, 0, 0, 0, 0, 0, 0, 0, 0, 0, 0, 0, 0, 0, 0, 0, 0, 0, 0, 0, 0, 0, 0, 0, 0, 0, 0, 0, 0, 0, 0, 0, 0, 0, 0, 0, 0, 0, 0, 0, 0, 0, 0, 0, 0, 0, 0, 0, 0, 0, 0, 0, 0, 0, 0, 0, 0, 0, 0, 0, 0, 0, 0, 0, 0, 0, 0, 0, 0, 0, 0, 0, 0, 0, 0, 0, 0, 0, 0, 0, 0, 0, 0, 0, 0, 0, 0, 0, 0, 0, 0, 0, 0, 0, 0, 0, 0, 0, 0, 0, 0, 0, 0, 0, 0, 0, 0, 0, 0, 0, 0, 0, 0, 0, 0, 0, 0, 0, 0, 0, 0, 0, 0, 0, 0, 0, 0, 0, 0, 0, 0, 0, 0, 0, 0, 0, 0, 0, 0, 0, 0, 0, 0, 0, 0, 0, 0, 0, 0, 0, 0, 0, 0, 0, 0, 0, 0, 0, 0, 0, 0, 0, 0, 0, 0, 0, 0, 0, 0, 0, 4, 0, 0, 0, 0, 0, 0, 0, 0, 0, 0, 0, 0, 0, 0, 0, 0, 0, 0, 0, 0, 0, 0, 0, 0, 0, 0, 0, 0, 0, 0, 0, 0, 0, 0, 0, 0, 0, 0, 0, 0, 0, 0, 0, 0, 0, 0, 0, 0, 0, 0, 0, 0, 0, 0, 0, 0, 0, 0, 0, 0, 0, 0, 0, 0, 0, 0, 0, 0, 0, 0, 0, 0, 0, 0, 0, 0, 0, 0, 0, 0, 0, 0, 0, 0, 0, 0, 0, 0, 0, 0, 0, 0, 0, 0, 0, 0, 0, 0, 0, 0, 0, 0, 0, 0, 0, 0, 0, 0, 0, 0, 4]
nameroot = Mainlid.dxf
nametip = Mainlid.dxf

[Transform]
croot = 109.7
ctip = 109.7
incidenceroot = 0.0
thicknessroot = 100.0
tethicknessroot = 0.0
vinvertroot = 0
incidencetip = 0.0
thicknesstip = 100.0
tethicknesstip = 0.0
vinverttip = 0
covering = 0.0
smooth = 0
nbrpoints = 101
repartition = 1.0
reducepoints = 0

[Bloc]
bloclx = 100.0
blochz = 50.0
fleading = 0.0
ftrailing = 0.0
mleading = 5.0
mtrailing = 10.0
cbcutboth = 0
cbrotdelta = 0
rbleftwing = 0
rbrightwing = 1
rbtabletoblockleft = 0
rbtabletoblockright = 1
bloctotableleft = 500.0
bloctotableright = 250.0
bloctotabletrailingroot = 20.0
hoffset = 10.0
hprofileroot = 10.0
hprofiletip = 10.0
cbalignprofiles = 3
angleinroot = 0.0
angleintip = 0.0
angleoutroot = 0.0
angleouttip = 0.0
gbextracutcmdsactive = 0
extracutcommands = X; LE;=; 0;=; 0;=; 8;=; 1;=; 8;=; 2;=; 10;=
	L; TE;=; 90;=; 5;=

[Material]
mspeednorm = 4.7
mspeedhalf = 2.4
mspeedmin = 0.5
mspeedmax = 6.0
mradspnorm = 1.1
mradsphalf = 1.5
mheatspnorm = 80.0
mname = Yellow foam 40 kg/m3
mhotwire = NiCr, 800 mm x 0.3 mm, 24 V

[Table]
tableyy = 850.0
tableyg = 0.0
tableyd = 0.0
maxdiag = 1000.0
cmaxy = 660.0
cmaxz = 360.0
vmaxy = 16.0
vmaxz = 16.0
theatingmax = 100.0
tsvaluemin = 0.0
tsvaluemax = 1000.0
tname = My CNC
tcomport = Select port
tbaudrate = 115200
tpreheat = 4.0
tpostheat = 4.0
vcut = 4.7
gcodestart1 = 
gcodestart2 = 
gcodestart3 = 
gcodestart4 = 
gcodeend1 = 
gcodeend2 = 
gcodeend3 = 
gcodeend4 = 
gcodeletters = XYAZ

[Cut]
vcut = 4.7
vheat = 80.0
vusefoamparam = 1

[Guillotine]
gcuttingspeed = 4.7
gheating = 80.0
gusefoamparam = 1

