[Project]
projectname = fus_10mm_x2
usernotes = <!DOCTYPE HTML PUBLIC "-//W3C//DTD HTML 4.0//EN" "http://www.w3.org/TR/REC-html40/strict.dtd">
	<html><head><meta name="qrichtext" content="1" /><style type="text/css">
	p, li { white-space: pre-wrap; }
	</style></head><body style=" font-family:'Arial'; font-size:12pt; font-weight:400; font-style:normal;">
	<p style=" margin-top:0px; margin-bottom:0px; margin-left:0px; margin-right:0px; -qt-block-indent:0; text-indent:0px;"><span style=" font-family:'MS Shell Dlg 2'; font-size:16pt; font-weight:600;">Hello,</span></p>
	<p style="-qt-paragraph-type:empty; margin-top:0px; margin-bottom:0px; margin-left:0px; margin-right:0px; -qt-block-indent:0; text-indent:0px; font-family:'MS Shell Dlg 2'; font-size:8.25pt;"><br /></p>
	<p style=" margin-top:0px; margin-bottom:0px; margin-left:0px; margin-right:0px; -qt-block-indent:0; text-indent:0px;"><span style=" font-family:'MS Shell Dlg 2'; font-size:8.25pt;">This is the</span><span style=" font-family:'MS Shell Dlg 2'; font-size:8.25pt; font-weight:600;"> </span><span style=" font-family:'MS Shell Dlg 2'; font-weight:600; text-decoration: underline; color:#ff0000;">Gemini Aero Foam</span><span style=" font-family:'MS Shell Dlg 2'; font-size:8.25pt; font-weight:600; color:#00ff00;"> </span><span style=" font-family:'MS Shell Dlg 2'; font-size:10pt; font-weight:600; font-style:italic; color:#00ff00;">notes editor</span><span style=" font-family:'MS Shell Dlg 2'; font-size:8.25pt; font-weight:600; font-style:italic; color:#00ff00;"> </span></p>
	<p style="-qt-paragraph-type:empty; margin-top:0px; margin-bottom:0px; margin-left:0px; margin-right:0px; -qt-block-indent:0; text-indent:0px; font-family:'MS Shell Dlg 2'; font-size:8.25pt;"><br /></p>
	<p style=" margin-top:0px; margin-bottom:0px; margin-left:0px; margin-right:0px; -qt-block-indent:0; text-indent:0px;"><span style=" font-family:'Monotype Corsiva'; font-size:16pt;">You can use it to :</span></p>
	<ul style="margin-top: 0px; margin-bottom: 0px; margin-left: 0px; margin-right: 0px; -qt-list-indent: 1;"><li style=" font-family:'Monotype Corsiva'; font-size:16pt;" style=" margin-top:0px; margin-bottom:0px; margin-left:0px; margin-right:0px; -qt-block-indent:0; text-indent:0px;">write notes about your project</li>
	<li style=" font-family:'Monotype Corsiva'; font-size:16pt;" style=" margin-top:0px; margin-bottom:0px; margin-left:0px; margin-right:0px; -qt-block-indent:0; text-indent:0px;">organize these notes</li>
	<li style=" font-family:'Monotype Corsiva'; font-size:16pt;" style=" margin-top:0px; margin-bottom:0px; margin-left:0px; margin-right:0px; -qt-block-indent:0; text-indent:0px;">or write everything you want :)</li></ul></body></html>

[Profil]
rootx = [1.0, 1.0, 0.7075337125391514, 0.7075337125391514, 0.6727759984739821, 0.6903894376646141, 0.32635011434011957, 0.33507963628052034, 0.2966607513080154, 0.2966607513080154, 0.23123931884765625, 0.20645162456399488, 0.20620484232630978, 0.20592072993041713, 0.20559951330371762, 0.2052414878897352, 0.2048469491319939, 0.20441620985304848, 0.20394963501254626, 0.20344760694916536, 0.20291057751770714, 0.20233896381491137, 0.20173326983267192, 0.20109396480482097, 0.2004216222393757, 0.19971678088629163, 0.19898004901164756, 0.19821203488152228, 0.19741336414102542, 0.19658473195138987, 0.19572681609481776, 0.1948403291115728, 0.19392601829998043, 0.1929846657164276, 0.19201703603827058, 0.191023946079958, 0.1900062300349694, 0.18896472209678425, 0.18790032597500533, 0.186813893242143, 0.1857063797448925, 0.1845786718138258, 0.18343170791660734, 0.18226649603702486, 0.1810839572637119, 0.1798851169594871, 0.17867096572910734, 0.17744251155636034, 0.17620079718309545, 0.17494684797213125, 0.17368170666531713, 0.17240646814159488, 0.1711221577637831, 0.1698298704108236, 0.16853068358262743, 0.16722567477910558, 0.16591595625823072, 0.16460260551991387, 0.1632867174430969, 0.16196942166478323, 0.16065177830585314, 0.1593349343823409, 0.1580199500151267, 0.15670795484121405, 0.15540004373954477, 0.1540972942100299, 0.15280080113161126, 0.15151165938323072, 0.15023094646479926, 0.1489597224971971, 0.14769904760130445, 0.1464499992770323, 0.14521359419768384, 0.1439908924841392, 0.14278289343067074, 0.1415906310896124, 0.1404150873762057, 0.1392572442056921, 0.1381180748037977, 0.13699854370673317, 0.13589956331361672, 0.13482207209211275, 0.1337669650623087, 0.13273511986526107, 0.13172741414202643, 0.1307446733965689, 0.12978772313285253, 0.12885738016532602, 0.12795440048183016, 0.12707955744923655, 0.12623357229732435, 0.12541715756635732, 0.12463099103853752, 0.12387573311703623, 0.1231520181364785, 0.12246044567342772, 0.12180160661493183, 0.1211760397109464, 0.12058426633239606, 0.12002679047117472, 0.11950408136111457, 0.11901656478847078, 0.11856464916046769, 0.1181487255052988, 0.11776912402454975, 0.11742618360932161, 0.1171201649450767, 0.11685134609630819, 0.11661994430090138, 0.1164261594177107, 0.11627013916849818, 0.1161520225855104, 0.10698488795947377, 0.0, 0.0, 0.2966607513080154, 0.2966607513080154, 0.33614424095066914, 0.3448262138627385, 0.34885192732061504, 0.35605709970947824, 0.362225890974249, 0.368091348635037, 0.37283283485638524, 0.3774304922186432, 0.3819160548320935, 0.386236064797925, 0.3897015130601331, 0.39352983548592324, 0.3972452637274879, 0.3999601116484553, 0.403288717421964, 0.4059774620386354, 0.40872880592433086, 0.41134212554723093, 0.413752319057873, 0.4162675514308087, 0.4190309563638952, 0.4208197104903723, 0.42256418284631264, 0.42429690697741673, 0.4260179523998078, 0.4277125121792248, 0.429351806640625, 0.43096715279755127, 0.4325916055666287, 0.43419283995052677, 0.43577169014272493, 0.43737407154265734, 0.4389990804407211, 0.4406019832115782, 0.44232407137581864, 0.44324575089647994, 0.4441606873531819, 0.4450691240523562, 0.4459895870408599, 0.4469036893040824, 0.44781170890651695, 0.4487138196384717, 0.44961023004831646, 0.4505011834424829, 0.4513869231274025, 0.45241395433291215, 0.4534345205389557, 0.454448934568088, 0.45545761351704867, 0.456460835450331, 0.4574590174646747, 0.45862942567447323, 0.4597938554976687, 0.4609528978213091, 0.4621071087743807, 0.4635998284898206, 0.4650866740928424, 0.4665688968736653, 0.4680477133644469, 0.46952444437152974, 0.4710003411851331, 0.47247662033741455, 0.4738313157900591, 0.47518840954895714, 0.47654884008177323, 0.477913615372295, 0.47928367388818693, 0.4806600236132368, 0.4816175734535165, 0.4825789466805773, 0.48354445611697394, 0.4845143798271996, 0.48548906539187076, 0.48645130757047267, 0.48839174587797196, 0.49024966854712415, 0.4920234419490319, 0.493819356236208, 0.49563921882785805, 0.4973881054576274, 0.4999099418622758, 0.5024543362489322, 0.5050570546630303, 0.5077567828271818, 0.5105229336471384, 0.5144742300950313, 0.5191708784168565, 0.5273246330660948, 0.5370434737151196, 0.5434513656859518, 0.5488242668551573, 0.5535499729165184, 0.55845224993104, 0.5634519190342931, 0.5682785277486119, 0.5730402779198996, 0.5780530508123932, 0.5823005554616315, 0.5866636654239038, 0.591015583290326, 0.595247029715084, 0.6002726283323249, 0.6054091746823391, 0.6107562158536802, 0.6162557058833997, 0.6209956627500356, 0.6259645362106706, 0.6306942046910592, 0.6353255773731136, 0.6409923231954726, 0.6468022027156891, 0.652413613703908, 0.6708368462147637, 0.7075337125391514, 0.7075337125391514, 0.8548947553699815, 0.8548729273072679, 1.0]
rooty = [0.0, 0.08792557423098483, 0.1606605547164187, 0.07136416598170113, 0.07136416598170113, 0.12101994125609518, 0.12101994125609518, 0.0743229025317216, 0.0743229025317216, 0.12785365424014986, 0.12785365424014986, 0.06757724909684652, 0.06628291970776534, 0.06499625447127705, 0.06371835695583891, 0.06245026990330029, 0.06119307950308763, 0.05994781980753488, 0.05871553355849142, 0.05749726349780663, 0.05629401760926822, 0.05510680387666394, 0.053936621594266085, 0.05278443964304305, 0.051651231248720904, 0.0505379435684795, 0.049445497690952446, 0.04837481904953107, 0.04732679831954504, 0.046302317486808624, 0.045302223779074426, 0.04432736007933736, 0.0433785388572884, 0.0424565595483454, 0.041562186829864574, 0.04069617234492899, 0.03985923732331782, 0.03905208561577938, 0.03827539065975806, 0.03752980416890972, 0.036815947443586274, 0.03613442006035112, 0.03548579118246369, 0.03487059955987952, 0.03428936221876557, 0.033742570116742594, 0.03323067510861199, 0.03275410298062892, 0.03231326214001771, 0.03190851320166794, 0.03154019505668067, 0.03120862052761069, 0.03091406333419348, 0.030656771127618256, 0.0304369568010126, 0.030254807178957857, 0.030110474327973733, 0.030004079901275984, 0.029935710794018723, 0.029905423488052123, 0.029913244051922427, 0.02995916814087192, 0.03004315665208126, 0.030165135724669438, 0.030325009773966936, 0.03052263542296946, 0.03075785626039961, 0.031030472427402922, 0.0313402579965787, 0.03168694793770688, 0.03207025984153661, 0.032489867851239945, 0.032945420041442734, 0.033436542762982274, 0.03396281457436112, 0.034523805344566394, 0.03511903715025048, 0.03574801903379262, 0.03641022093475272, 0.03710508672414445, 0.03783204289395065, 0.038590476833334816, 0.039379749862914204, 0.04019921026903296, 0.041048167235215864, 0.041925912565956895, 0.04283170765244608, 0.04376480085160032, 0.04472440576227488, 0.045709727293809614, 0.04671993559748274, 0.04775418344554162, 0.048811614920718255, 0.04989133500292524, 0.0509924443273175, 0.05211402615001913, 0.05325513765860799, 0.05441482300638881, 0.05559211331239322, 0.056786035350895145, 0.05799557244859144, 0.05921971662169437, 0.060457451196900804, 0.06170773343236137, 0.06296952927574209, 0.06424176991664739, 0.06552339523419703, 0.06681333641799544, 0.06811050727861617, 0.06941383900566361, 0.07072221934116511, 0.07203457078520964, 0.12785365424014986, 0.12785365424014986, 0.020792150823293352, 0.020792150823293352, 0.06862814171167604, 0.06862814171167604, 0.02218542772436468, 0.02180641278590591, 0.02113042496874555, 0.02055462291952146, 0.020010268226571398, 0.01957290319212477, 0.01915150948700438, 0.018743362948128738, 0.018353492632542222, 0.01804334210371917, 0.017703760186197546, 0.01737763398329055, 0.0171417310189006, 0.016855561380234287, 0.016627109675309653, 0.016396096735717496, 0.01617948666791981, 0.015982356321295736, 0.015779571272517664, 0.015560521623268214, 0.015420991901927765, 0.01528674106119977, 0.01515527955491885, 0.015026668209692883, 0.014902054041556182, 0.01478351167231323, 0.014668727518485728, 0.014555424927035878, 0.014445937032851651, 0.014340211698840583, 0.014235279283110807, 0.014131413505397789, 0.014031581835214533, 0.01392735761499079, 0.01387291128380152, 0.01381980965512217, 0.013768041867058479, 0.013716576039655334, 0.01366647012141408, 0.013617713250440455, 0.013570290220082486, 0.013524187996067055, 0.01347939354412105, 0.013435891657592496, 0.013386758965077324, 0.013339348968992472, 0.013293642117928264, 0.013249614515717318, 0.013207246610949958, 0.013166516679837655, 0.013120588246130455, 0.013076871294095467, 0.0130353332380499, 0.012995939319932108, 0.012947918885389601, 0.01290337860176938, 0.012862244608190446, 0.012824438699014095, 0.012789889185738184, 0.012758517862724009, 0.012730250869090574, 0.012706999898228396, 0.012686234128773892, 0.012667897078876887, 0.012651930094308353, 0.012638274520839266, 0.012626871704240594, 0.012620263327770189, 0.012614689003633746, 0.012610127008042737, 0.012606564306724044, 0.012603974831131433, 0.01260236292602261, 0.012601835037961365, 0.012604535304875472, 0.012609820702624484, 0.012617658645525609, 0.012627944859393909, 0.012639862529780707, 0.012660191651085785, 0.01268401612996512, 0.012711327276903295, 0.012742298882208543, 0.012776333541696328, 0.012828081778350344, 0.012892949010896791, 0.01300985557886354, 0.013149246267957404, 0.01323808570114518, 0.013309609102496798, 0.013369864374738619, 0.0134294809675977, 0.013487070730987063, 0.013539470681296937, 0.013588023348658395, 0.013635728788267236, 0.01367340869947012, 0.013709507118868121, 0.013742896581836604, 0.013772884099521506, 0.013805374197644904, 0.013835129270792551, 0.013862475175792373, 0.013886827542732951, 0.013904814839634646, 0.013920764445172356, 0.013933242589303193, 0.013942966157048601, 0.013951594845852167, 0.013956802037962478, 0.013958437839238681, 0.06589719211865123, 0.06589719211865123, -0.017932222753016442, -0.017932222753016442, 0.0, 0.0]
roots = [4, 4, 4, 4, 4, 4, 4, 4, 4, 4, 4, 0, 0, 0, 0, 0, 0, 0, 0, 0, 0, 0, 0, 0, 0, 0, 0, 0, 0, 0, 0, 0, 0, 0, 0, 0, 0, 0, 0, 0, 0, 0, 0, 0, 0, 0, 0, 0, 0, 0, 0, 0, 0, 0, 0, 0, 0, 0, 0, 0, 0, 0, 0, 0, 0, 0, 0, 0, 0, 0, 0, 0, 0, 0, 0, 0, 0, 0, 0, 0, 0, 0, 0, 0, 0, 0, 0, 0, 0, 0, 0, 0, 0, 0, 0, 0, 0, 0, 0, 0, 0, 0, 0, 0, 0, 0, 0, 0, 0, 0, 0, 0, 4, 4, 4, 4, 4, 4, 4, 0, 0, 0, 0, 0, 0, 0, 0, 0, 0, 0, 0, 0, 0, 0, 0, 0, 0, 0, 0, 0, 0, 0, 0, 0, 0, 0, 0, 0, 0, 0, 0, 0, 0, 0, 0, 0, 0, 0, 0, 0, 0, 0, 0, 0, 0, 0, 0, 0, 0, 0, 0, 0, 0, 0, 0, 0, 0, 0, 0, 0, 0, 0, 0, 0, 0, 0, 0, 0, 0, 0, 0, 0, 0, 0, 0, 0, 0, 0, 0, 0, 0, 0, 0, 0, 0, 0, 0, 0, 0, 0, 0, 0, 0, 0, 0, 0, 0, 0, 0, 0, 0, 0, 0, 0, 0, 0, 0, 0, 4, 4, 4, 4, 4, 4, 4]
tipx = [1.0, 1.0, 0.7075337125391514, 0.7075337125391514, 0.6727759984739821, 0.6903894376646141, 0.32635011434011957, 0.33507963628052034, 0.2966607513080154, 0.2966607513080154, 0.23123931884765625, 0.20645162456399488, 0.20620484232630978, 0.20592072993041713, 0.20559951330371762, 0.2052414878897352, 0.2048469491319939, 0.20441620985304848, 0.20394963501254626, 0.20344760694916536, 0.20291057751770714, 0.20233896381491137, 0.20173326983267192, 0.20109396480482097, 0.2004216222393757, 0.19971678088629163, 0.19898004901164756, 0.19821203488152228, 0.19741336414102542, 0.19658473195138987, 0.19572681609481776, 0.1948403291115728, 0.19392601829998043, 0.1929846657164276, 0.19201703603827058, 0.191023946079958, 0.1900062300349694, 0.18896472209678425, 0.18790032597500533, 0.186813893242143, 0.1857063797448925, 0.1845786718138258, 0.18343170791660734, 0.18226649603702486, 0.1810839572637119, 0.1798851169594871, 0.17867096572910734, 0.17744251155636034, 0.17620079718309545, 0.17494684797213125, 0.17368170666531713, 0.17240646814159488, 0.1711221577637831, 0.1698298704108236, 0.16853068358262743, 0.16722567477910558, 0.16591595625823072, 0.16460260551991387, 0.1632867174430969, 0.16196942166478323, 0.16065177830585314, 0.1593349343823409, 0.1580199500151267, 0.15670795484121405, 0.15540004373954477, 0.1540972942100299, 0.15280080113161126, 0.15151165938323072, 0.15023094646479926, 0.1489597224971971, 0.14769904760130445, 0.1464499992770323, 0.14521359419768384, 0.1439908924841392, 0.14278289343067074, 0.1415906310896124, 0.1404150873762057, 0.1392572442056921, 0.1381180748037977, 0.13699854370673317, 0.13589956331361672, 0.13482207209211275, 0.1337669650623087, 0.13273511986526107, 0.13172741414202643, 0.1307446733965689, 0.12978772313285253, 0.12885738016532602, 0.12795440048183016, 0.12707955744923655, 0.12623357229732435, 0.12541715756635732, 0.12463099103853752, 0.12387573311703623, 0.1231520181364785, 0.12246044567342772, 0.12180160661493183, 0.1211760397109464, 0.12058426633239606, 0.12002679047117472, 0.11950408136111457, 0.11901656478847078, 0.11856464916046769, 0.1181487255052988, 0.11776912402454975, 0.11742618360932161, 0.1171201649450767, 0.11685134609630819, 0.11661994430090138, 0.1164261594177107, 0.11627013916849818, 0.1161520225855104, 0.10698488795947377, 0.0, 0.0, 0.2966607513080154, 0.2966607513080154, 0.33614424095066914, 0.3448262138627385, 0.34885192732061504, 0.35605709970947824, 0.362225890974249, 0.368091348635037, 0.37283283485638524, 0.3774304922186432, 0.3819160548320935, 0.386236064797925, 0.3897015130601331, 0.39352983548592324, 0.3972452637274879, 0.3999601116484553, 0.403288717421964, 0.4059774620386354, 0.40872880592433086, 0.41134212554723093, 0.413752319057873, 0.4162675514308087, 0.4190309563638952, 0.4208197104903723, 0.42256418284631264, 0.42429690697741673, 0.4260179523998078, 0.4277125121792248, 0.429351806640625, 0.43096715279755127, 0.4325916055666287, 0.43419283995052677, 0.43577169014272493, 0.43737407154265734, 0.4389990804407211, 0.4406019832115782, 0.44232407137581864, 0.44324575089647994, 0.4441606873531819, 0.4450691240523562, 0.4459895870408599, 0.4469036893040824, 0.44781170890651695, 0.4487138196384717, 0.44961023004831646, 0.4505011834424829, 0.4513869231274025, 0.45241395433291215, 0.4534345205389557, 0.454448934568088, 0.45545761351704867, 0.456460835450331, 0.4574590174646747, 0.45862942567447323, 0.4597938554976687, 0.4609528978213091, 0.4621071087743807, 0.4635998284898206, 0.4650866740928424, 0.4665688968736653, 0.4680477133644469, 0.46952444437152974, 0.4710003411851331, 0.47247662033741455, 0.4738313157900591, 0.47518840954895714, 0.47654884008177323, 0.477913615372295, 0.47928367388818693, 0.4806600236132368, 0.4816175734535165, 0.4825789466805773, 0.48354445611697394, 0.4845143798271996, 0.48548906539187076, 0.48645130757047267, 0.48839174587797196, 0.49024966854712415, 0.4920234419490319, 0.493819356236208, 0.49563921882785805, 0.4973881054576274, 0.4999099418622758, 0.5024543362489322, 0.5050570546630303, 0.5077567828271818, 0.5105229336471384, 0.5144742300950313, 0.5191708784168565, 0.5273246330660948, 0.5370434737151196, 0.5434513656859518, 0.5488242668551573, 0.5535499729165184, 0.55845224993104, 0.5634519190342931, 0.5682785277486119, 0.5730402779198996, 0.5780530508123932, 0.5823005554616315, 0.5866636654239038, 0.591015583290326, 0.595247029715084, 0.6002726283323249, 0.6054091746823391, 0.6107562158536802, 0.6162557058833997, 0.6209956627500356, 0.6259645362106706, 0.6306942046910592, 0.6353255773731136, 0.6409923231954726, 0.6468022027156891, 0.652413613703908, 0.6708368462147637, 0.7075337125391514, 0.7075337125391514, 0.8548947553699815, 0.8548729273072679, 1.0]
tipy = [0.0, 0.08792557423098483, 0.1606605547164187, 0.07136416598170113, 0.07136416598170113, 0.12101994125609518, 0.12101994125609518, 0.0743229025317216, 0.0743229025317216, 0.12785365424014986, 0.12785365424014986, 0.06757724909684652, 0.06628291970776534, 0.06499625447127705, 0.06371835695583891, 0.06245026990330029, 0.06119307950308763, 0.05994781980753488, 0.05871553355849142, 0.05749726349780663, 0.05629401760926822, 0.05510680387666394, 0.053936621594266085, 0.05278443964304305, 0.051651231248720904, 0.0505379435684795, 0.049445497690952446, 0.04837481904953107, 0.04732679831954504, 0.046302317486808624, 0.045302223779074426, 0.04432736007933736, 0.0433785388572884, 0.0424565595483454, 0.041562186829864574, 0.04069617234492899, 0.03985923732331782, 0.03905208561577938, 0.03827539065975806, 0.03752980416890972, 0.036815947443586274, 0.03613442006035112, 0.03548579118246369, 0.03487059955987952, 0.03428936221876557, 0.033742570116742594, 0.03323067510861199, 0.03275410298062892, 0.03231326214001771, 0.03190851320166794, 0.03154019505668067, 0.03120862052761069, 0.03091406333419348, 0.030656771127618256, 0.0304369568010126, 0.030254807178957857, 0.030110474327973733, 0.030004079901275984, 0.029935710794018723, 0.029905423488052123, 0.029913244051922427, 0.02995916814087192, 0.03004315665208126, 0.030165135724669438, 0.030325009773966936, 0.03052263542296946, 0.03075785626039961, 0.031030472427402922, 0.0313402579965787, 0.03168694793770688, 0.03207025984153661, 0.032489867851239945, 0.032945420041442734, 0.033436542762982274, 0.03396281457436112, 0.034523805344566394, 0.03511903715025048, 0.03574801903379262, 0.03641022093475272, 0.03710508672414445, 0.03783204289395065, 0.038590476833334816, 0.039379749862914204, 0.04019921026903296, 0.041048167235215864, 0.041925912565956895, 0.04283170765244608, 0.04376480085160032, 0.04472440576227488, 0.045709727293809614, 0.04671993559748274, 0.04775418344554162, 0.048811614920718255, 0.04989133500292524, 0.0509924443273175, 0.05211402615001913, 0.05325513765860799, 0.05441482300638881, 0.05559211331239322, 0.056786035350895145, 0.05799557244859144, 0.05921971662169437, 0.060457451196900804, 0.06170773343236137, 0.06296952927574209, 0.06424176991664739, 0.06552339523419703, 0.06681333641799544, 0.06811050727861617, 0.06941383900566361, 0.07072221934116511, 0.07203457078520964, 0.12785365424014986, 0.12785365424014986, 0.020792150823293352, 0.020792150823293352, 0.06862814171167604, 0.06862814171167604, 0.02218542772436468, 0.02180641278590591, 0.02113042496874555, 0.02055462291952146, 0.020010268226571398, 0.01957290319212477, 0.01915150948700438, 0.018743362948128738, 0.018353492632542222, 0.01804334210371917, 0.017703760186197546, 0.01737763398329055, 0.0171417310189006, 0.016855561380234287, 0.016627109675309653, 0.016396096735717496, 0.01617948666791981, 0.015982356321295736, 0.015779571272517664, 0.015560521623268214, 0.015420991901927765, 0.01528674106119977, 0.01515527955491885, 0.015026668209692883, 0.014902054041556182, 0.01478351167231323, 0.014668727518485728, 0.014555424927035878, 0.014445937032851651, 0.014340211698840583, 0.014235279283110807, 0.014131413505397789, 0.014031581835214533, 0.01392735761499079, 0.01387291128380152, 0.01381980965512217, 0.013768041867058479, 0.013716576039655334, 0.01366647012141408, 0.013617713250440455, 0.013570290220082486, 0.013524187996067055, 0.01347939354412105, 0.013435891657592496, 0.013386758965077324, 0.013339348968992472, 0.013293642117928264, 0.013249614515717318, 0.013207246610949958, 0.013166516679837655, 0.013120588246130455, 0.013076871294095467, 0.0130353332380499, 0.012995939319932108, 0.012947918885389601, 0.01290337860176938, 0.012862244608190446, 0.012824438699014095, 0.012789889185738184, 0.012758517862724009, 0.012730250869090574, 0.012706999898228396, 0.012686234128773892, 0.012667897078876887, 0.012651930094308353, 0.012638274520839266, 0.012626871704240594, 0.012620263327770189, 0.012614689003633746, 0.012610127008042737, 0.012606564306724044, 0.012603974831131433, 0.01260236292602261, 0.012601835037961365, 0.012604535304875472, 0.012609820702624484, 0.012617658645525609, 0.012627944859393909, 0.012639862529780707, 0.012660191651085785, 0.01268401612996512, 0.012711327276903295, 0.012742298882208543, 0.012776333541696328, 0.012828081778350344, 0.012892949010896791, 0.01300985557886354, 0.013149246267957404, 0.01323808570114518, 0.013309609102496798, 0.013369864374738619, 0.0134294809675977, 0.013487070730987063, 0.013539470681296937, 0.013588023348658395, 0.013635728788267236, 0.01367340869947012, 0.013709507118868121, 0.013742896581836604, 0.013772884099521506, 0.013805374197644904, 0.013835129270792551, 0.013862475175792373, 0.013886827542732951, 0.013904814839634646, 0.013920764445172356, 0.013933242589303193, 0.013942966157048601, 0.013951594845852167, 0.013956802037962478, 0.013958437839238681, 0.06589719211865123, 0.06589719211865123, -0.017932222753016442, -0.017932222753016442, 0.0, 0.0]
tips = [4, 4, 4, 4, 4, 4, 4, 4, 4, 4, 4, 0, 0, 0, 0, 0, 0, 0, 0, 0, 0, 0, 0, 0, 0, 0, 0, 0, 0, 0, 0, 0, 0, 0, 0, 0, 0, 0, 0, 0, 0, 0, 0, 0, 0, 0, 0, 0, 0, 0, 0, 0, 0, 0, 0, 0, 0, 0, 0, 0, 0, 0, 0, 0, 0, 0, 0, 0, 0, 0, 0, 0, 0, 0, 0, 0, 0, 0, 0, 0, 0, 0, 0, 0, 0, 0, 0, 0, 0, 0, 0, 0, 0, 0, 0, 0, 0, 0, 0, 0, 0, 0, 0, 0, 0, 0, 0, 0, 0, 0, 0, 0, 4, 4, 4, 4, 4, 4, 4, 0, 0, 0, 0, 0, 0, 0, 0, 0, 0, 0, 0, 0, 0, 0, 0, 0, 0, 0, 0, 0, 0, 0, 0, 0, 0, 0, 0, 0, 0, 0, 0, 0, 0, 0, 0, 0, 0, 0, 0, 0, 0, 0, 0, 0, 0, 0, 0, 0, 0, 0, 0, 0, 0, 0, 0, 0, 0, 0, 0, 0, 0, 0, 0, 0, 0, 0, 0, 0, 0, 0, 0, 0, 0, 0, 0, 0, 0, 0, 0, 0, 0, 0, 0, 0, 0, 0, 0, 0, 0, 0, 0, 0, 0, 0, 0, 0, 0, 0, 0, 0, 0, 0, 0, 0, 0, 0, 0, 0, 4, 4, 4, 4, 4, 4, 4]
nameroot = fus_10mm_x2.dxf
nametip = fus_10mm_x2.dxf

[Transform]
croot = 219.5
ctip = 219.5
incidenceroot = 0.0
thicknessroot = 100.0
tethicknessroot = 0.0
vinvertroot = 0
incidencetip = 0.0
thicknesstip = 100.0
tethicknesstip = 0.0
vinverttip = 0
covering = 0.0
smooth = 0
nbrpoints = 101
repartition = 1.0
reducepoints = 0

[Bloc]
bloclx = 100.0
blochz = 50.0
fleading = 0.0
ftrailing = 0.0
mleadingroot = 5.0
mtrailingroot = 10.0
mleadingtip = 5.0
mtrailingtip = 10.0
cbcutboth = 0
cbrotdelta = 0
rbleftwing = 0
rbrightwing = 1
rbtabletoblockleft = 1
rbtabletoblockright = 0
bloctotableleft = 300.0
bloctotableright = 455.0
bloctotabletrailingroot = 25.0
hoffset = 0.0
hprofileroot = 5.0
hprofiletip = 5.0
cbalignprofiles = 3
angleinroot = 0.0
angleintip = 0.0
angleoutroot = 0.0
angleouttip = 0.0
gbextracutcmdsactive = 0
extracutcommands = X; LE;=; 0;=; 0;=; 8;=; 1;=; 8;=; 2;=; 10;=
	L; TE;=; 90;=; 5;=

[Material]
mspeednorm = 3.5
mspeedhalf = 1.8
mspeedmin = 0.5
mspeedmax = 6.0
mradspnorm = 1.0
mradsphalf = 3.0
mheatspnorm = 80.0
mname = Yellow foam 40 kg/m3
mhotwire = NiCr, 800 mm x 0.3 mm, 24 V

[Table]
tableyy = 855.0
tableyg = 0.0
tableyd = 0.0
maxdiag = 1000.0
cmaxy = 660.0
cmaxz = 360.0
vmaxy = 60.0
vmaxz = 60.0
theatingmax = 100.0
tsvaluemin = 0.0
tsvaluemax = 1000.0
tname = My CNC
tpreheat = 4.0
tpostheat = 4.0
vcut = 3.5
gcodestart1 = 
gcodestart2 = 
gcodestart3 = 
gcodestart4 = 
gcodeend1 = 
gcodeend2 = 
gcodeend3 = 
gcodeend4 = 
gcodeletters = XYAZ

[Cut]
vcut = 3.5
vheat = 80.0
vusefoamparam = 1
vcleanwire = 1
vfastoutsideblock = 1
vhmargin = 40.0
vcutblock = 0

