[Project]
projectname = fus_60mm
usernotes = <!DOCTYPE HTML PUBLIC "-//W3C//DTD HTML 4.0//EN" "http://www.w3.org/TR/REC-html40/strict.dtd">
	<html><head><meta name="qrichtext" content="1" /><style type="text/css">
	p, li { white-space: pre-wrap; }
	</style></head><body style=" font-family:'Arial'; font-size:12pt; font-weight:400; font-style:normal;">
	<p style=" margin-top:0px; margin-bottom:0px; margin-left:0px; margin-right:0px; -qt-block-indent:0; text-indent:0px;"><span style=" font-family:'MS Shell Dlg 2'; font-size:16pt; font-weight:600;">Hello,</span></p>
	<p style="-qt-paragraph-type:empty; margin-top:0px; margin-bottom:0px; margin-left:0px; margin-right:0px; -qt-block-indent:0; text-indent:0px; font-family:'MS Shell Dlg 2'; font-size:8.25pt;"><br /></p>
	<p style=" margin-top:0px; margin-bottom:0px; margin-left:0px; margin-right:0px; -qt-block-indent:0; text-indent:0px;"><span style=" font-family:'MS Shell Dlg 2'; font-size:8.25pt;">This is the</span><span style=" font-family:'MS Shell Dlg 2'; font-size:8.25pt; font-weight:600;"> </span><span style=" font-family:'MS Shell Dlg 2'; font-weight:600; text-decoration: underline; color:#ff0000;">Gemini Aero Foam</span><span style=" font-family:'MS Shell Dlg 2'; font-size:8.25pt; font-weight:600; color:#00ff00;"> </span><span style=" font-family:'MS Shell Dlg 2'; font-size:10pt; font-weight:600; font-style:italic; color:#00ff00;">notes editor</span><span style=" font-family:'MS Shell Dlg 2'; font-size:8.25pt; font-weight:600; font-style:italic; color:#00ff00;"> </span></p>
	<p style="-qt-paragraph-type:empty; margin-top:0px; margin-bottom:0px; margin-left:0px; margin-right:0px; -qt-block-indent:0; text-indent:0px; font-family:'MS Shell Dlg 2'; font-size:8.25pt;"><br /></p>
	<p style=" margin-top:0px; margin-bottom:0px; margin-left:0px; margin-right:0px; -qt-block-indent:0; text-indent:0px;"><span style=" font-family:'Monotype Corsiva'; font-size:16pt;">You can use it to :</span></p>
	<ul style="margin-top: 0px; margin-bottom: 0px; margin-left: 0px; margin-right: 0px; -qt-list-indent: 1;"><li style=" font-family:'Monotype Corsiva'; font-size:16pt;" style=" margin-top:0px; margin-bottom:0px; margin-left:0px; margin-right:0px; -qt-block-indent:0; text-indent:0px;">write notes about your project</li>
	<li style=" font-family:'Monotype Corsiva'; font-size:16pt;" style=" margin-top:0px; margin-bottom:0px; margin-left:0px; margin-right:0px; -qt-block-indent:0; text-indent:0px;">organize these notes</li>
	<li style=" font-family:'Monotype Corsiva'; font-size:16pt;" style=" margin-top:0px; margin-bottom:0px; margin-left:0px; margin-right:0px; -qt-block-indent:0; text-indent:0px;">or write everything you want :)</li></ul></body></html>

[Profil]
rootx = [1.0, 1.0, 0.9965575535556164, 0.9930775481835517, 0.9895602115136704, 0.9860057711758372, 0.9824144547999172, 0.9787864141391531, 0.9751220285766532, 0.9710493509134407, 0.9669331959460639, 0.962773867181009, 0.9585715922481408, 0.9543266746539457, 0.9500394937815315, 0.9457103531373845, 0.9413394044747478, 0.9369271030533511, 0.932473676503059, 0.9280600851790953, 0.923607417395019, 0.9191159766573161, 0.9145859905958516, 0.909934374309997, 0.9052433780575433, 0.9005134570982201, 0.8957447631852702, 0.8909375998251803, 0.8861792251327651, 0.8813843537853708, 0.8765532892894837, 0.8716862592749686, 0.8666832583545852, 0.8616433813961146, 0.856567007782665, 0.8514544410207227, 0.8463059087401522, 0.8411218662006831, 0.83590254103218, 0.83590254103218, 0.6762804369582883, 0.6762804369582883, 0.8299353000047802, 0.8299353000047802, 0.823935735536588, 0.8178921626278806, 0.8118049606617656, 0.805674660774594, 0.7995016423494741, 0.7932862847695134, 0.7873877879612635, 0.7814525668681697, 0.7754807732434752, 0.769472938223531, 0.7634294411914451, 0.7573505856537036, 0.751236675116793, 0.7450882407170645, 0.7389055100843824, 0.7326889384784765, 0.7265507474226609, 0.7203806123091608, 0.7141788366444627, 0.7079457998116743, 0.7008253100129066, 0.6936653643709183, 0.6864664940220604, 0.6792292301026839, 0.6719541037491398, 0.6646416460977792, 0.65729223653171, 0.6499065579405264, 0.6421307217611875, 0.6343161505665328, 0.6264634134312242, 0.6185731553065453, 0.6027518174347783, 0.5862080582489648, 0.5828954367041017, 0.5795770485359986, 0.5762528558063447, 0.5727642763760415, 0.5692694371244581, 0.5657684518665269, 0.5622612826639372, 0.5587480433316211, 0.5552287718078895, 0.5517035060310532, 0.5481722839394232, 0.5446351814096207, 0.5410921984416459, 0.5375434488504313, 0.5339888946976659, 0.5306322267739765, 0.5272705509932629, 0.5239038673555252, 0.5205322137990741, 0.5171556282622205, 0.5171556282622205, 0.48284433379946873, 0.48284433379946873, 0.47940188735508515, 0.4759218819830203, 0.472404545313139, 0.46885010497530594, 0.46525878859938585, 0.46163082381524345, 0.4579664003144327, 0.453893760589531, 0.44977760562215413, 0.4456182389187885, 0.4414159639859203, 0.437171084330036, 0.43288386551931096, 0.4285546869368532, 0.4241837762125274, 0.41977147479113064, 0.4153180861791493, 0.4109044569168749, 0.4064517891327985, 0.4019603104567849, 0.3974303243953202, 0.3927787081094657, 0.3880877877336336, 0.3833578288359995, 0.37858913492304974, 0.37378200950127055, 0.3690236348088554, 0.3642287634614611, 0.3593976610272632, 0.35453066895105884, 0.3495275921540538, 0.34448771519558335, 0.33941134158213376, 0.3342987748201914, 0.3291503184162424, 0.3239662379384625, 0.31874687483164876, 0.31874687483164876, 0.31874687483164876, 0.15912480869606785, 0.15912480869606785, 0.31277970968087054, 0.31277970968087054, 0.30678012624352297, 0.30073653436566006, 0.29464935136870046, 0.2885190135432182, 0.28234597614894275, 0.27613067547644826, 0.27023219763735373, 0.2642969006676384, 0.25832516395041005, 0.2523173478996213, 0.24627381292922457, 0.24019493842232775, 0.23408106582372798, 0.22793261245484392, 0.2217499007913173, 0.21553332918541135, 0.20939513812959576, 0.2032249840469403, 0.19702320838224213, 0.1907901715494537, 0.18366964381237533, 0.17650971713954242, 0.16931086575983986, 0.16207362080961873, 0.15479849445607463, 0.14748599886640326, 0.14013664620780028, 0.13275093916288358, 0.12497510298354464, 0.11716053178889, 0.10930780413815919, 0.10141750807516946, 0.08559617968798015, 0.06905243947132206, 0.06573982741103655, 0.06242141553148918, 0.0590972417709907, 0.05560864337153215, 0.052113818346815347, 0.048612809377439906, 0.04510566388629433, 0.041592429296267094, 0.0380731530302467, 0.03454788488226604, 0.031016667532924765, 0.027479550776255777, 0.023936579664003144, 0.020387801619055353, 0.016833265249873098, 0.013476611553050279, 0.01011491917432578, 0.006748226644796495, 0.003376573681131533, 0.0, 5.86326703949875e-12, 0.0004972650345850384, 0.0004972650345850384, 0.41770262282717807, 0.41770262282717807, 0.48284433379946873, 0.5171556282622205, 0.5171556282622205, 0.5176528857017335, 0.5176528857017335, 0.9348582510893986, 0.9348582510893986, 1.0]
rooty = [0.0, 0.11351638142471067, 0.11444507333451764, 0.11536541881595101, 0.11627746529189927, 0.11718126966982857, 0.11807686988804973, 0.11896430388487354, 0.11984362856776618, 0.12080156143061387, 0.12174979157047724, 0.12268836641024479, 0.12361736182653807, 0.1245368252422456, 0.12544682304941124, 0.12634740267092348, 0.12723863998340387, 0.12812058240974097, 0.1289932963419786, 0.12984149264086875, 0.1306808967362335, 0.13151156553553908, 0.13233355594625165, 0.1331616354558459, 0.13398083740071545, 0.13479120920374885, 0.13559281725698993, 0.13638573743706034, 0.1371560748376335, 0.13791813220187696, 0.13867195695267917, 0.1394176249666617, 0.1401701408457417, 0.14091427235813728, 0.14165007641131463, 0.1423776193973177, 0.14309693925445718, 0.14380812134393242, 0.14451123205778726, 0.10176040860675158, 0.10176040860675158, 0.11667835942200794, 0.11667835942200794, 0.14529959964056297, 0.14607616840868323, 0.14684259816324513, 0.14759898375002561, 0.14834541053022393, 0.1490819733496171, 0.14980874808482664, 0.15048511228957515, 0.15115293088981843, 0.151812279762178, 0.15246321581412012, 0.153105824406844, 0.15374018141697124, 0.15436635323654574, 0.15498441574218907, 0.1555944448105228, 0.1561964973490131, 0.1567801213530376, 0.15735620511779277, 0.15792480555074476, 0.1584859985285152, 0.15911482602984492, 0.15973428276840976, 0.16034446358998664, 0.16094546334035256, 0.16153739583443988, 0.16212035591802557, 0.162694457406042, 0.16325977617511073, 0.16384273625869641, 0.1644163066103618, 0.16498058207588384, 0.1655357144085057, 0.16663598232885649, 0.1676950492436903, 0.16790589140590084, 0.16811531088145681, 0.1683232887012028, 0.16853965088763317, 0.1687544576033212, 0.16896770884826687, 0.16917944256078096, 0.16938963977170812, 0.16959831945020368, 0.1698055005654231, 0.17001118311736635, 0.1702153671060334, 0.17041809046973508, 0.170619334239316, 0.17081911738393155, 0.17100615325612192, 0.17119189922574546, 0.1713763742619576, 0.17155959733391365, 0.17174154947245832, 0.0059079391499371366, 0.0059079391499371366, 0.11351638142471067, 0.11444507333451764, 0.11536541881595101, 0.11627746529189927, 0.11718126966982857, 0.11807686988804973, 0.11896430388487354, 0.11984362856776618, 0.12080156143061387, 0.12174979157047724, 0.12268836641024479, 0.12361736182653807, 0.1245368252422456, 0.12544682304941124, 0.12634740267092348, 0.12723863998340387, 0.12812058240974097, 0.1289932963419786, 0.12984149264086875, 0.1306808967362335, 0.13151156553553908, 0.13233355594625165, 0.1331616354558459, 0.13398083740071545, 0.13479120920374885, 0.13559281725698993, 0.13638573743706034, 0.1371560748376335, 0.13791813220187696, 0.13867195695267917, 0.1394176249666617, 0.1401701408457417, 0.14091427235813728, 0.14165007641131463, 0.1423776193973177, 0.14309693925445718, 0.14380812134393242, 0.14451121308863185, 0.14451123205778726, 0.10176040860675158, 0.10176040860675158, 0.11667835942200794, 0.11667835942200794, 0.14529959964056297, 0.14607616840868323, 0.14684259816324513, 0.14759898375002561, 0.14834541053022393, 0.1490819733496171, 0.14980874808482664, 0.15048511228957515, 0.15115293088981843, 0.151812279762178, 0.15246321581412012, 0.153105824406844, 0.15374018141697124, 0.15436635323654574, 0.15498441574218907, 0.1555944448105228, 0.1561964973490131, 0.1567801213530376, 0.15735620511779277, 0.15792480555074476, 0.1584859985285152, 0.15911482602984492, 0.15973428276840976, 0.16034446358998664, 0.16094546334035256, 0.16153739583443988, 0.16212035591802557, 0.162694457406042, 0.16325977617511073, 0.16384273625869641, 0.1644163066103618, 0.16498058207588384, 0.1655357144085057, 0.16663598232885649, 0.1676950492436903, 0.16790589140590084, 0.16811531088145681, 0.1683232887012028, 0.16853965088763317, 0.1687544576033212, 0.16896770884826687, 0.16917944256078096, 0.16938963977170812, 0.16959831945020368, 0.1698055005654231, 0.17001118311736635, 0.1702153671060334, 0.17041809046973508, 0.170619334239316, 0.17081911738393155, 0.17100615325612192, 0.17119189922574546, 0.1713763742619576, 0.17155959733391365, 0.17174154947245832, -0.00066557564581438, -0.0006648901433880568, -7.986862846225025e-05, -7.986862846225025e-05, -8.979442426811307e-05, 0.0, 0.0, -0.00066557564581438, -0.0006648901433880568, -7.986862846225025e-05, -7.986862846225025e-05, -8.979442426811307e-05, 0.0]
roots = [4, 4, 0, 0, 0, 0, 0, 0, 0, 0, 0, 0, 0, 0, 0, 0, 0, 0, 0, 0, 0, 0, 0, 0, 0, 0, 0, 0, 0, 0, 0, 0, 0, 0, 0, 0, 0, 0, 4, 4, 4, 4, 4, 4, 0, 0, 0, 0, 0, 0, 0, 0, 0, 0, 0, 0, 0, 0, 0, 0, 0, 0, 0, 0, 0, 0, 0, 0, 0, 0, 0, 0, 0, 0, 0, 0, 0, 0, 0, 0, 0, 0, 0, 0, 0, 0, 0, 0, 0, 0, 0, 0, 0, 0, 0, 0, 0, 4, 4, 4, 4, 0, 0, 0, 0, 0, 0, 0, 0, 0, 0, 0, 0, 0, 0, 0, 0, 0, 0, 0, 0, 0, 0, 0, 0, 0, 0, 0, 0, 0, 0, 0, 0, 0, 0, 0, 0, 0, 4, 4, 4, 4, 4, 4, 0, 0, 0, 0, 0, 0, 0, 0, 0, 0, 0, 0, 0, 0, 0, 0, 0, 0, 0, 0, 0, 0, 0, 0, 0, 0, 0, 0, 0, 0, 0, 0, 0, 0, 0, 0, 0, 0, 0, 0, 0, 0, 0, 0, 0, 0, 0, 0, 0, 0, 0, 0, 0, 4, 0, 0, 4, 0, 0, 4, 0, 0, 0, 4, 0, 0, 4]
tipx = [1.0, 1.0, 0.9965575535556164, 0.9930775481835517, 0.9895602115136704, 0.9860057711758372, 0.9824144547999172, 0.9787864141391531, 0.9751220285766532, 0.9710493509134407, 0.9669331959460639, 0.962773867181009, 0.9585715922481408, 0.9543266746539457, 0.9500394937815315, 0.9457103531373845, 0.9413394044747478, 0.9369271030533511, 0.932473676503059, 0.9280600851790953, 0.923607417395019, 0.9191159766573161, 0.9145859905958516, 0.909934374309997, 0.9052433780575433, 0.9005134570982201, 0.8957447631852702, 0.8909375998251803, 0.8861792251327651, 0.8813843537853708, 0.8765532892894837, 0.8716862592749686, 0.8666832583545852, 0.8616433813961146, 0.856567007782665, 0.8514544410207227, 0.8463059087401522, 0.8411218662006831, 0.83590254103218, 0.83590254103218, 0.6762804369582883, 0.6762804369582883, 0.8299353000047802, 0.8299353000047802, 0.823935735536588, 0.8178921626278806, 0.8118049606617656, 0.805674660774594, 0.7995016423494741, 0.7932862847695134, 0.7873877879612635, 0.7814525668681697, 0.7754807732434752, 0.769472938223531, 0.7634294411914451, 0.7573505856537036, 0.751236675116793, 0.7450882407170645, 0.7389055100843824, 0.7326889384784765, 0.7265507474226609, 0.7203806123091608, 0.7141788366444627, 0.7079457998116743, 0.7008253100129066, 0.6936653643709183, 0.6864664940220604, 0.6792292301026839, 0.6719541037491398, 0.6646416460977792, 0.65729223653171, 0.6499065579405264, 0.6421307217611875, 0.6343161505665328, 0.6264634134312242, 0.6185731553065453, 0.6027518174347783, 0.5862080582489648, 0.5828954367041017, 0.5795770485359986, 0.5762528558063447, 0.5727642763760415, 0.5692694371244581, 0.5657684518665269, 0.5622612826639372, 0.5587480433316211, 0.5552287718078895, 0.5517035060310532, 0.5481722839394232, 0.5446351814096207, 0.5410921984416459, 0.5375434488504313, 0.5339888946976659, 0.5306322267739765, 0.5272705509932629, 0.5239038673555252, 0.5205322137990741, 0.5171556282622205, 0.5171556282622205, 0.48284433379946873, 0.48284433379946873, 0.47940188735508515, 0.4759218819830203, 0.472404545313139, 0.46885010497530594, 0.46525878859938585, 0.46163082381524345, 0.4579664003144327, 0.453893760589531, 0.44977760562215413, 0.4456182389187885, 0.4414159639859203, 0.437171084330036, 0.43288386551931096, 0.4285546869368532, 0.4241837762125274, 0.41977147479113064, 0.4153180861791493, 0.4109044569168749, 0.4064517891327985, 0.4019603104567849, 0.3974303243953202, 0.3927787081094657, 0.3880877877336336, 0.3833578288359995, 0.37858913492304974, 0.37378200950127055, 0.3690236348088554, 0.3642287634614611, 0.3593976610272632, 0.35453066895105884, 0.3495275921540538, 0.34448771519558335, 0.33941134158213376, 0.3342987748201914, 0.3291503184162424, 0.3239662379384625, 0.31874687483164876, 0.31874687483164876, 0.31874687483164876, 0.15912480869606785, 0.15912480869606785, 0.31277970968087054, 0.31277970968087054, 0.30678012624352297, 0.30073653436566006, 0.29464935136870046, 0.2885190135432182, 0.28234597614894275, 0.27613067547644826, 0.27023219763735373, 0.2642969006676384, 0.25832516395041005, 0.2523173478996213, 0.24627381292922457, 0.24019493842232775, 0.23408106582372798, 0.22793261245484392, 0.2217499007913173, 0.21553332918541135, 0.20939513812959576, 0.2032249840469403, 0.19702320838224213, 0.1907901715494537, 0.18366964381237533, 0.17650971713954242, 0.16931086575983986, 0.16207362080961873, 0.15479849445607463, 0.14748599886640326, 0.14013664620780028, 0.13275093916288358, 0.12497510298354464, 0.11716053178889, 0.10930780413815919, 0.10141750807516946, 0.08559617968798015, 0.06905243947132206, 0.06573982741103655, 0.06242141553148918, 0.0590972417709907, 0.05560864337153215, 0.052113818346815347, 0.048612809377439906, 0.04510566388629433, 0.041592429296267094, 0.0380731530302467, 0.03454788488226604, 0.031016667532924765, 0.027479550776255777, 0.023936579664003144, 0.020387801619055353, 0.016833265249873098, 0.013476611553050279, 0.01011491917432578, 0.006748226644796495, 0.003376573681131533, 0.0, 5.86326703949875e-12, 0.0004972650345850384, 0.0004972650345850384, 0.41770262282717807, 0.41770262282717807, 0.48284433379946873, 0.5171556282622205, 0.5171556282622205, 0.5176528857017335, 0.5176528857017335, 0.9348582510893986, 0.9348582510893986, 1.0]
tipy = [0.0, 0.11351638142471067, 0.11444507333451764, 0.11536541881595101, 0.11627746529189927, 0.11718126966982857, 0.11807686988804973, 0.11896430388487354, 0.11984362856776618, 0.12080156143061387, 0.12174979157047724, 0.12268836641024479, 0.12361736182653807, 0.1245368252422456, 0.12544682304941124, 0.12634740267092348, 0.12723863998340387, 0.12812058240974097, 0.1289932963419786, 0.12984149264086875, 0.1306808967362335, 0.13151156553553908, 0.13233355594625165, 0.1331616354558459, 0.13398083740071545, 0.13479120920374885, 0.13559281725698993, 0.13638573743706034, 0.1371560748376335, 0.13791813220187696, 0.13867195695267917, 0.1394176249666617, 0.1401701408457417, 0.14091427235813728, 0.14165007641131463, 0.1423776193973177, 0.14309693925445718, 0.14380812134393242, 0.14451123205778726, 0.10176040860675158, 0.10176040860675158, 0.11667835942200794, 0.11667835942200794, 0.14529959964056297, 0.14607616840868323, 0.14684259816324513, 0.14759898375002561, 0.14834541053022393, 0.1490819733496171, 0.14980874808482664, 0.15048511228957515, 0.15115293088981843, 0.151812279762178, 0.15246321581412012, 0.153105824406844, 0.15374018141697124, 0.15436635323654574, 0.15498441574218907, 0.1555944448105228, 0.1561964973490131, 0.1567801213530376, 0.15735620511779277, 0.15792480555074476, 0.1584859985285152, 0.15911482602984492, 0.15973428276840976, 0.16034446358998664, 0.16094546334035256, 0.16153739583443988, 0.16212035591802557, 0.162694457406042, 0.16325977617511073, 0.16384273625869641, 0.1644163066103618, 0.16498058207588384, 0.1655357144085057, 0.16663598232885649, 0.1676950492436903, 0.16790589140590084, 0.16811531088145681, 0.1683232887012028, 0.16853965088763317, 0.1687544576033212, 0.16896770884826687, 0.16917944256078096, 0.16938963977170812, 0.16959831945020368, 0.1698055005654231, 0.17001118311736635, 0.1702153671060334, 0.17041809046973508, 0.170619334239316, 0.17081911738393155, 0.17100615325612192, 0.17119189922574546, 0.1713763742619576, 0.17155959733391365, 0.17174154947245832, 0.0059079391499371366, 0.0059079391499371366, 0.11351638142471067, 0.11444507333451764, 0.11536541881595101, 0.11627746529189927, 0.11718126966982857, 0.11807686988804973, 0.11896430388487354, 0.11984362856776618, 0.12080156143061387, 0.12174979157047724, 0.12268836641024479, 0.12361736182653807, 0.1245368252422456, 0.12544682304941124, 0.12634740267092348, 0.12723863998340387, 0.12812058240974097, 0.1289932963419786, 0.12984149264086875, 0.1306808967362335, 0.13151156553553908, 0.13233355594625165, 0.1331616354558459, 0.13398083740071545, 0.13479120920374885, 0.13559281725698993, 0.13638573743706034, 0.1371560748376335, 0.13791813220187696, 0.13867195695267917, 0.1394176249666617, 0.1401701408457417, 0.14091427235813728, 0.14165007641131463, 0.1423776193973177, 0.14309693925445718, 0.14380812134393242, 0.14451121308863185, 0.14451123205778726, 0.10176040860675158, 0.10176040860675158, 0.11667835942200794, 0.11667835942200794, 0.14529959964056297, 0.14607616840868323, 0.14684259816324513, 0.14759898375002561, 0.14834541053022393, 0.1490819733496171, 0.14980874808482664, 0.15048511228957515, 0.15115293088981843, 0.151812279762178, 0.15246321581412012, 0.153105824406844, 0.15374018141697124, 0.15436635323654574, 0.15498441574218907, 0.1555944448105228, 0.1561964973490131, 0.1567801213530376, 0.15735620511779277, 0.15792480555074476, 0.1584859985285152, 0.15911482602984492, 0.15973428276840976, 0.16034446358998664, 0.16094546334035256, 0.16153739583443988, 0.16212035591802557, 0.162694457406042, 0.16325977617511073, 0.16384273625869641, 0.1644163066103618, 0.16498058207588384, 0.1655357144085057, 0.16663598232885649, 0.1676950492436903, 0.16790589140590084, 0.16811531088145681, 0.1683232887012028, 0.16853965088763317, 0.1687544576033212, 0.16896770884826687, 0.16917944256078096, 0.16938963977170812, 0.16959831945020368, 0.1698055005654231, 0.17001118311736635, 0.1702153671060334, 0.17041809046973508, 0.170619334239316, 0.17081911738393155, 0.17100615325612192, 0.17119189922574546, 0.1713763742619576, 0.17155959733391365, 0.17174154947245832, -0.00066557564581438, -0.0006648901433880568, -7.986862846225025e-05, -7.986862846225025e-05, -8.979442426811307e-05, 0.0, 0.0, -0.00066557564581438, -0.0006648901433880568, -7.986862846225025e-05, -7.986862846225025e-05, -8.979442426811307e-05, 0.0]
tips = [4, 4, 0, 0, 0, 0, 0, 0, 0, 0, 0, 0, 0, 0, 0, 0, 0, 0, 0, 0, 0, 0, 0, 0, 0, 0, 0, 0, 0, 0, 0, 0, 0, 0, 0, 0, 0, 0, 4, 4, 4, 4, 4, 4, 0, 0, 0, 0, 0, 0, 0, 0, 0, 0, 0, 0, 0, 0, 0, 0, 0, 0, 0, 0, 0, 0, 0, 0, 0, 0, 0, 0, 0, 0, 0, 0, 0, 0, 0, 0, 0, 0, 0, 0, 0, 0, 0, 0, 0, 0, 0, 0, 0, 0, 0, 0, 0, 4, 4, 4, 4, 0, 0, 0, 0, 0, 0, 0, 0, 0, 0, 0, 0, 0, 0, 0, 0, 0, 0, 0, 0, 0, 0, 0, 0, 0, 0, 0, 0, 0, 0, 0, 0, 0, 0, 0, 0, 0, 4, 4, 4, 4, 4, 4, 0, 0, 0, 0, 0, 0, 0, 0, 0, 0, 0, 0, 0, 0, 0, 0, 0, 0, 0, 0, 0, 0, 0, 0, 0, 0, 0, 0, 0, 0, 0, 0, 0, 0, 0, 0, 0, 0, 0, 0, 0, 0, 0, 0, 0, 0, 0, 0, 0, 0, 0, 0, 0, 4, 0, 0, 4, 0, 0, 4, 0, 0, 0, 4, 0, 0, 4]
nameroot = fus_60mm.dxf
nametip = fus_60mm.dxf

[Transform]
croot = 201.1
ctip = 201.1
incidenceroot = 0.0
thicknessroot = 100.0
tethicknessroot = 0.0
vinvertroot = 0
incidencetip = 0.0
thicknesstip = 100.0
tethicknesstip = 0.0
vinverttip = 0
covering = 0.0
smooth = 0
nbrpoints = 101
repartition = 1.0
reducepoints = 0

[Bloc]
bloclx = 60.0
blochz = 50.0
fleading = 0.0
ftrailing = 0.0
mleadingroot = 5.0
mtrailingroot = 10.0
mleadingtip = 5.0
mtrailingtip = 10.0
cbcutboth = 0
cbrotdelta = 0
rbleftwing = 0
rbrightwing = 1
rbtabletoblockleft = 1
rbtabletoblockright = 0
bloctotableleft = 300.0
bloctotableright = 495.0
bloctotabletrailingroot = 25.0
hoffset = 0.0
hprofileroot = 5.0
hprofiletip = 5.0
cbalignprofiles = 3
angleinroot = 0.0
angleintip = 0.0
angleoutroot = 0.0
angleouttip = 0.0
gbextracutcmdsactive = 0
extracutcommands = X; LE;=; 0;=; 0;=; 8;=; 1;=; 8;=; 2;=; 10;=
	L; TE;=; 90;=; 5;=

[Material]
mspeednorm = 3.5
mspeedhalf = 1.8
mspeedmin = 0.5
mspeedmax = 6.0
mradspnorm = 1.0
mradsphalf = 3.0
mheatspnorm = 80.0
mname = Yellow foam 40 kg/m3
mhotwire = NiCr, 800 mm x 0.3 mm, 24 V

[Table]
tableyy = 855.0
tableyg = 0.0
tableyd = 0.0
maxdiag = 1000.0
cmaxy = 660.0
cmaxz = 360.0
vmaxy = 60.0
vmaxz = 60.0
theatingmax = 100.0
tsvaluemin = 0.0
tsvaluemax = 1000.0
tname = My CNC
tpreheat = 4.0
tpostheat = 4.0
vcut = 3.5
gcodestart1 = 
gcodestart2 = 
gcodestart3 = 
gcodestart4 = 
gcodeend1 = 
gcodeend2 = 
gcodeend3 = 
gcodeend4 = 
gcodeletters = XYAZ

[Cut]
vcut = 3.5
vheat = 80.0
vusefoamparam = 1
vcleanwire = 1
vfastoutsideblock = 1
vhmargin = 40.0
vcutblock = 0

