[Project]
projectname = fus_136mm
usernotes = <!DOCTYPE HTML PUBLIC "-//W3C//DTD HTML 4.0//EN" "http://www.w3.org/TR/REC-html40/strict.dtd">
	<html><head><meta name="qrichtext" content="1" /><style type="text/css">
	p, li { white-space: pre-wrap; }
	</style></head><body style=" font-family:'Arial'; font-size:12pt; font-weight:400; font-style:normal;">
	<p style=" margin-top:0px; margin-bottom:0px; margin-left:0px; margin-right:0px; -qt-block-indent:0; text-indent:0px;"><span style=" font-family:'MS Shell Dlg 2'; font-size:16pt; font-weight:600;">Hello,</span></p>
	<p style="-qt-paragraph-type:empty; margin-top:0px; margin-bottom:0px; margin-left:0px; margin-right:0px; -qt-block-indent:0; text-indent:0px; font-family:'MS Shell Dlg 2'; font-size:8.25pt;"><br /></p>
	<p style=" margin-top:0px; margin-bottom:0px; margin-left:0px; margin-right:0px; -qt-block-indent:0; text-indent:0px;"><span style=" font-family:'MS Shell Dlg 2'; font-size:8.25pt;">This is the</span><span style=" font-family:'MS Shell Dlg 2'; font-size:8.25pt; font-weight:600;"> </span><span style=" font-family:'MS Shell Dlg 2'; font-weight:600; text-decoration: underline; color:#ff0000;">Gemini Aero Foam</span><span style=" font-family:'MS Shell Dlg 2'; font-size:8.25pt; font-weight:600; color:#00ff00;"> </span><span style=" font-family:'MS Shell Dlg 2'; font-size:10pt; font-weight:600; font-style:italic; color:#00ff00;">notes editor</span><span style=" font-family:'MS Shell Dlg 2'; font-size:8.25pt; font-weight:600; font-style:italic; color:#00ff00;"> </span></p>
	<p style="-qt-paragraph-type:empty; margin-top:0px; margin-bottom:0px; margin-left:0px; margin-right:0px; -qt-block-indent:0; text-indent:0px; font-family:'MS Shell Dlg 2'; font-size:8.25pt;"><br /></p>
	<p style=" margin-top:0px; margin-bottom:0px; margin-left:0px; margin-right:0px; -qt-block-indent:0; text-indent:0px;"><span style=" font-family:'Monotype Corsiva'; font-size:16pt;">You can use it to :</span></p>
	<ul style="margin-top: 0px; margin-bottom: 0px; margin-left: 0px; margin-right: 0px; -qt-list-indent: 1;"><li style=" font-family:'Monotype Corsiva'; font-size:16pt;" style=" margin-top:0px; margin-bottom:0px; margin-left:0px; margin-right:0px; -qt-block-indent:0; text-indent:0px;">write notes about your project</li>
	<li style=" font-family:'Monotype Corsiva'; font-size:16pt;" style=" margin-top:0px; margin-bottom:0px; margin-left:0px; margin-right:0px; -qt-block-indent:0; text-indent:0px;">organize these notes</li>
	<li style=" font-family:'Monotype Corsiva'; font-size:16pt;" style=" margin-top:0px; margin-bottom:0px; margin-left:0px; margin-right:0px; -qt-block-indent:0; text-indent:0px;">or write everything you want :)</li></ul></body></html>

[Profil]
rootx = [1.0, 1.0, 0.7786016205026404, 0.7786016205026404, 0.7378015355854715, 0.7378015355854715, 0.7324811387699482, 0.7271610532343699, 0.7218412270987453, 0.7165217122430656, 0.7112025086673307, 0.7058836682515313, 0.7005650872356857, 0.6952469212597665, 0.6899287552838473, 0.6846109524678637, 0.6792935646918064, 0.6739765400756846, 0.6686602936594247, 0.6633444104031002, 0.658028994066693, 0.6527140446502028, 0.6473996140336206, 0.6420856503369553, 0.6367722054401981, 0.6314593312233395, 0.6261465088864717, 0.6208342572295027, 0.6155226281324231, 0.6102116734752238, 0.6055866241762625, 0.6009621974371907, 0.5963382376180361, 0.5917149522387617, 0.587092237539386, 0.5832404595031536, 0.5793891483868384, 0.5755382523104494, 0.5716879269139592, 0.5678381203173769, 0.5639888325207024, 0.560140063523936, 0.5562919170870588, 0.5524443413300806, 0.5485973881329916, 0.5447511612557738, 0.5409056088184363, 0.5376077534438716, 0.5343104687492056, 0.5310137547344382, 0.5277176632795604, 0.524422194384572, 0.5211274518094547, 0.5178334874341993, 0.5178334874341993, 0.49334104754209723, 0.49334104754209723, 0.4871828407553021, 0.4810243226885622, 0.4748654933418776, 0.46870635271524824, 0.46254690080867417, 0.45638718950214613, 0.45022721879566413, 0.44406693680923737, 0.4379064473028475, 0.4317457502764944, 0.4255848197901828, 0.4194236558439126, 0.41326233625767006, 0.407100783211469, 0.4009390745252955, 0.39323505153291366, 0.3855307691405779, 0.37782622734828814, 0.37012147803603523, 0.3624148351041185, 0.3547079846522386, 0.3470009526203909, 0.33929373900857546, 0.3315863178767969, 0.32387876704504126, 0.3161710346333179, 0.30846312064162684, 0.30075505100996336, 0.2930468516783229, 0.2853384967067101, 0.2776300120351203, 0.2683796280972484, 0.2591290625794088, 0.24987831548160144, 0.24062741274382168, 0.23137632842607417, 0.2221234023686536, 0.21287030770126297, 0.20361707036389767, 0.1943637033265554, 0.18511020658923613, 0.17585582789207344, 0.16660133246493147, 0.15734672030781022, 0.14809200439070738, 0.13883718471362297, 0.12958227424655466, 0.12032727298950249, 0.11107218094246644, 0.10181701107544419, 0.09256176987343462, 0.0833064573364377, 0.07405107994945229, 0.06479564419747724, 0.05554015008051256, 0.04628461705355478, 0.037027764329331275, 0.027770869452615254, 0.018513938908405567, 0.009256979992325911, 0.0, 0.0, 0.49334104754209723, 0.49334104754209723, 0.5178334874341993, 0.5178334874341993, 0.7378015355854715, 0.7378015355854715, 0.7786016205026404, 0.7786016205026404, 0.8773717845689608, 0.8773717845689608, 0.8761202316711365, 0.8748808186911571, 0.8736582148281937, 0.8724568817614543, 0.8712812811701469, 0.8701358228534887, 0.8690247090907336, 0.867952090281145, 0.8669218574240318, 0.8659379015187038, 0.865003802284525, 0.8641230875608695, 0.8632989739071661, 0.8625345741228624, 0.8618326378474701, 0.8611957590805288, 0.8606263761816056, 0.8601265643503323, 0.8596981393863863, 0.8593427095694822, 0.8590615718993898, 0.8588558677359064, 0.8587262196389215, 0.8586731982883339, 0.8586969593241158, 0.8587973989862857, 0.8589742059948989, 0.8592267059100752, 0.8595539130119894, 0.8599546859408441, 0.8604275201769066, 0.8609705999204991, 0.8615820056119624, 0.8622594545317016, 0.8630003526801774, 0.8638020541778594, 0.8646616018652724, 0.8655757273029969, 0.8665410582916313, 0.8675541188717928, 0.8686110180441721, 0.8697079685694414, 0.8708408200483376, 0.8720054220815975, 0.8731974167499946, 0.8744124461343026, 0.8756460485553135, 0.8768935548138561, 0.8781502957107595, 0.8794118095668155, 0.8806733234228716, 0.8819301680797565, 0.8831776743382993, 0.8844111729993286, 0.8856262023836365, 0.8868181970520337, 0.8879827990852935, 0.8891157543241713, 0.8902126010894591, 0.8912696040218199, 0.8922826127219906, 0.8932479955906159, 0.8941621210283403, 0.8950215649557718, 0.8958233183334445, 0.896564268361911, 0.8972416135216688, 0.8978530710931228, 0.8983961508367153, 0.8988689850727778, 0.8992697061216418, 0.8995969651035468, 0.8998494131387322, 0.9000262201473453, 0.900126763569497, 0.9001505246052789, 0.9000973994947097, 0.8999678032777155, 0.8997620472342414, 0.8994809614441397, 0.8991255835072264, 0.8986971585432804, 0.8981972429520254, 0.8976279119330931, 0.8969910331661518, 0.8962890968907595, 0.8955246971064558, 0.8947005315727616, 0.8938198168491062, 0.8928857694949182, 0.8919018135895901, 0.890871580732477, 0.8897989100428975, 0.8886878481601332, 0.8875423379634841, 0.8863668411321584, 0.885165508065419, 0.8839428004424741, 0.8827033874624947, 0.8814518345646704, 0.8814518345646704, 1.0]
rooty = [0.0, 0.07990016629612248, 0.07990016629612248, 0.03995008314806124, 0.03995008314806124, 0.05950012383753801, 0.05918856503784593, 0.05887223327900115, 0.05855105722601632, 0.058224939603908725, 0.05789379610769332, 0.057557522977388524, 0.05721602293801161, 0.05686919871457984, 0.05651692060711625, 0.05615909782563695, 0.055795607155163816, 0.05542633186571757, 0.05505116819731662, 0.05466996699498746, 0.05428258558875541, 0.05388887806614637, 0.05348869851468624, 0.053081891294402654, 0.0526682813103267, 0.052247699952488305, 0.05181993321592546, 0.05138482221816636, 0.05094216268174728, 0.050491743844205635, 0.050092974779995116, 0.04968799632938689, 0.049276646367409735, 0.04885875304159416, 0.04843414774197009, 0.04807505065821701, 0.047711054157833666, 0.04734202529834367, 0.046967837622269464, 0.04658836791463293, 0.04620348647545708, 0.04581306360476495, 0.045416940420084734, 0.0450149515539458, 0.04460692191137922, 0.04419269260991321, 0.04377208855457884, 0.04340611737204604, 0.043035149497900264, 0.042658974169678905, 0.04227739035241766, 0.04189019701115223, 0.041497189868418854, 0.041098158161754966, 0.036389867417570734, 0.036389867417570734, 0.0885287815143707, 0.08884389409343192, 0.08915221039369961, 0.08945391848014039, 0.08974920641772087, 0.09003826227140768, 0.09032126113616973, 0.09059836513697822, 0.09086974288380324, 0.09113554353161832, 0.09139594217539235, 0.09165108148510001, 0.09190111710071369, 0.0921461852072092, 0.09238642847456122, 0.09262198957274441, 0.09291012455659468, 0.0931914048966618, 0.09346608350790085, 0.0937344068202681, 0.09399669908370598, 0.09425307702819377, 0.0945036119887188, 0.09474835584527187, 0.09498739938783686, 0.09522080098140341, 0.09544861899096116, 0.09567088584150435, 0.09588764692802491, 0.09609894764551481, 0.09630483338896598, 0.09650534955337035, 0.0967389392119035, 0.0969649284517859, 0.0971833691530083, 0.09739433913555692, 0.09759789027942252, 0.09779411985958784, 0.09798304733104944, 0.09816472457379809, 0.0983391904978269, 0.09850650995312435, 0.09866672833468239, 0.09881988455249409, 0.09896601103155372, 0.09910514668185436, 0.0992373304133891, 0.0993626076211499, 0.09948099776013328, 0.09959252677033464, 0.0996972335617471, 0.09979514407436603, 0.09988627776318797, 0.09997066056820833, 0.10004830545942482, 0.1001192383768328, 0.10018347229043, 0.1002410331402118, 0.1002919209261782, 0.1003361486183269, 0.10037372270165675, 0.10040464966116659, 0.0028099921536701928, 0.0028099921536701928, 0.032300067226092063, 0.032300067226092063, 0.01900072075574205, 0.01900072075574205, 0.03570007430252281, 0.03570007430252281, 0.0, 0.0, 0.0184606095203726, 0.018622904722811955, 0.018861025774290704, 0.01917409233621513, 0.019560943593791295, 0.020020146362273616, 0.020550003193213432, 0.02114855075320927, 0.021813571172654846, 0.022542605015736756, 0.023332949659184775, 0.024181678747268388, 0.02508565029804536, 0.026041518052109715, 0.027045741200090023, 0.028094600595146502, 0.029184213344218446, 0.0303105441567722, 0.031469423178548, 0.032656557340307944, 0.033867553055331984, 0.035097922704416765, 0.03634311381837044, 0.03759851232051209, 0.03885947170916658, 0.040121322785162776, 0.041379389864330714, 0.04262901995999638, 0.04386558278298174, 0.045084496681600146, 0.046281251339152264, 0.04745141425892494, 0.04859065021918777, 0.04969474721318847, 0.05075960996415404, 0.05178129883528383, 0.05275602658725016, 0.05368019080319253, 0.054550364161219354, 0.05536332361690279, 0.05611606337327643, 0.05680578839583644, 0.057429956565034114, 0.05798624625128156, 0.05847260170994374, 0.058887220111340684, 0.05922856451074523, 0.059495376818380706, 0.05968666482942326, 0.05980172167899837, 0.05984012584218086, 0.05980172167899837, 0.05968666482942326, 0.059495376818380706, 0.05922856451074523, 0.058887220111340684, 0.05847260170994374, 0.05798624625128156, 0.057429956565034114, 0.05680578839583644, 0.05611606337327643, 0.05536332361690279, 0.054550364161219354, 0.05368019080319253, 0.05275602658725016, 0.05178129883528383, 0.05075960996415404, 0.04969474721318847, 0.04859065021918777, 0.04745141425892494, 0.046281251339152264, 0.045084496681600146, 0.04386558278298174, 0.04262901995999638, 0.041379389864330714, 0.040121322785162776, 0.03885947170916658, 0.03759851232051209, 0.03634311381837044, 0.035097922704416765, 0.033867553055331984, 0.032656557340307944, 0.031469423178548, 0.0303105441567722, 0.029184213344218446, 0.028094600595146502, 0.027045741200090023, 0.026041518052109715, 0.02508565029804536, 0.024181678747268388, 0.023332949659184775, 0.022542605015736756, 0.021813571172654846, 0.02114855075320927, 0.020550003193213432, 0.020020146362273616, 0.019560943593791295, 0.01917409233621513, 0.018861025774290704, 0.018622904722811955, 0.0184606095203726, 0.0, 0.0]
roots = [4, 4, 4, 4, 4, 4, 0, 0, 0, 0, 0, 0, 0, 0, 0, 0, 0, 0, 0, 0, 0, 0, 0, 0, 0, 0, 0, 0, 0, 0, 0, 0, 0, 0, 0, 0, 0, 0, 0, 0, 0, 0, 0, 0, 0, 0, 0, 0, 0, 0, 0, 0, 0, 4, 4, 4, 4, 0, 0, 0, 0, 0, 0, 0, 0, 0, 0, 0, 0, 0, 0, 0, 0, 0, 0, 0, 0, 0, 0, 0, 0, 0, 0, 0, 0, 0, 0, 0, 0, 0, 0, 0, 0, 0, 0, 0, 0, 0, 0, 0, 0, 0, 0, 0, 0, 0, 0, 0, 0, 0, 0, 0, 0, 0, 0, 0, 0, 4, 4, 4, 4, 4, 4, 4, 4, 4, 4, 4, 4, 0, 0, 0, 0, 0, 0, 0, 0, 0, 0, 0, 0, 0, 0, 0, 0, 0, 0, 0, 0, 0, 0, 0, 0, 0, 0, 0, 0, 0, 0, 0, 0, 0, 0, 0, 0, 0, 0, 0, 0, 0, 0, 0, 0, 0, 0, 0, 0, 0, 0, 0, 0, 0, 0, 0, 0, 0, 0, 0, 0, 0, 0, 0, 0, 0, 0, 0, 0, 0, 0, 0, 0, 0, 0, 0, 0, 0, 0, 0, 0, 0, 0, 0, 0, 0, 0, 0, 0, 0, 0, 0, 0, 0, 0, 0, 0, 0, 0, 0, 4, 4, 4]
tipx = [1.0, 1.0, 0.7786016205026404, 0.7786016205026404, 0.7378015355854715, 0.7378015355854715, 0.7324811387699482, 0.7271610532343699, 0.7218412270987453, 0.7165217122430656, 0.7112025086673307, 0.7058836682515313, 0.7005650872356857, 0.6952469212597665, 0.6899287552838473, 0.6846109524678637, 0.6792935646918064, 0.6739765400756846, 0.6686602936594247, 0.6633444104031002, 0.658028994066693, 0.6527140446502028, 0.6473996140336206, 0.6420856503369553, 0.6367722054401981, 0.6314593312233395, 0.6261465088864717, 0.6208342572295027, 0.6155226281324231, 0.6102116734752238, 0.6055866241762625, 0.6009621974371907, 0.5963382376180361, 0.5917149522387617, 0.587092237539386, 0.5832404595031536, 0.5793891483868384, 0.5755382523104494, 0.5716879269139592, 0.5678381203173769, 0.5639888325207024, 0.560140063523936, 0.5562919170870588, 0.5524443413300806, 0.5485973881329916, 0.5447511612557738, 0.5409056088184363, 0.5376077534438716, 0.5343104687492056, 0.5310137547344382, 0.5277176632795604, 0.524422194384572, 0.5211274518094547, 0.5178334874341993, 0.5178334874341993, 0.49334104754209723, 0.49334104754209723, 0.4871828407553021, 0.4810243226885622, 0.4748654933418776, 0.46870635271524824, 0.46254690080867417, 0.45638718950214613, 0.45022721879566413, 0.44406693680923737, 0.4379064473028475, 0.4317457502764944, 0.4255848197901828, 0.4194236558439126, 0.41326233625767006, 0.407100783211469, 0.4009390745252955, 0.39323505153291366, 0.3855307691405779, 0.37782622734828814, 0.37012147803603523, 0.3624148351041185, 0.3547079846522386, 0.3470009526203909, 0.33929373900857546, 0.3315863178767969, 0.32387876704504126, 0.3161710346333179, 0.30846312064162684, 0.30075505100996336, 0.2930468516783229, 0.2853384967067101, 0.2776300120351203, 0.2683796280972484, 0.2591290625794088, 0.24987831548160144, 0.24062741274382168, 0.23137632842607417, 0.2221234023686536, 0.21287030770126297, 0.20361707036389767, 0.1943637033265554, 0.18511020658923613, 0.17585582789207344, 0.16660133246493147, 0.15734672030781022, 0.14809200439070738, 0.13883718471362297, 0.12958227424655466, 0.12032727298950249, 0.11107218094246644, 0.10181701107544419, 0.09256176987343462, 0.0833064573364377, 0.07405107994945229, 0.06479564419747724, 0.05554015008051256, 0.04628461705355478, 0.037027764329331275, 0.027770869452615254, 0.018513938908405567, 0.009256979992325911, 0.0, 0.0, 0.49334104754209723, 0.49334104754209723, 0.5178334874341993, 0.5178334874341993, 0.7378015355854715, 0.7378015355854715, 0.7786016205026404, 0.7786016205026404, 0.8773717845689608, 0.8773717845689608, 0.8761202316711365, 0.8748808186911571, 0.8736582148281937, 0.8724568817614543, 0.8712812811701469, 0.8701358228534887, 0.8690247090907336, 0.867952090281145, 0.8669218574240318, 0.8659379015187038, 0.865003802284525, 0.8641230875608695, 0.8632989739071661, 0.8625345741228624, 0.8618326378474701, 0.8611957590805288, 0.8606263761816056, 0.8601265643503323, 0.8596981393863863, 0.8593427095694822, 0.8590615718993898, 0.8588558677359064, 0.8587262196389215, 0.8586731982883339, 0.8586969593241158, 0.8587973989862857, 0.8589742059948989, 0.8592267059100752, 0.8595539130119894, 0.8599546859408441, 0.8604275201769066, 0.8609705999204991, 0.8615820056119624, 0.8622594545317016, 0.8630003526801774, 0.8638020541778594, 0.8646616018652724, 0.8655757273029969, 0.8665410582916313, 0.8675541188717928, 0.8686110180441721, 0.8697079685694414, 0.8708408200483376, 0.8720054220815975, 0.8731974167499946, 0.8744124461343026, 0.8756460485553135, 0.8768935548138561, 0.8781502957107595, 0.8794118095668155, 0.8806733234228716, 0.8819301680797565, 0.8831776743382993, 0.8844111729993286, 0.8856262023836365, 0.8868181970520337, 0.8879827990852935, 0.8891157543241713, 0.8902126010894591, 0.8912696040218199, 0.8922826127219906, 0.8932479955906159, 0.8941621210283403, 0.8950215649557718, 0.8958233183334445, 0.896564268361911, 0.8972416135216688, 0.8978530710931228, 0.8983961508367153, 0.8988689850727778, 0.8992697061216418, 0.8995969651035468, 0.8998494131387322, 0.9000262201473453, 0.900126763569497, 0.9001505246052789, 0.9000973994947097, 0.8999678032777155, 0.8997620472342414, 0.8994809614441397, 0.8991255835072264, 0.8986971585432804, 0.8981972429520254, 0.8976279119330931, 0.8969910331661518, 0.8962890968907595, 0.8955246971064558, 0.8947005315727616, 0.8938198168491062, 0.8928857694949182, 0.8919018135895901, 0.890871580732477, 0.8897989100428975, 0.8886878481601332, 0.8875423379634841, 0.8863668411321584, 0.885165508065419, 0.8839428004424741, 0.8827033874624947, 0.8814518345646704, 0.8814518345646704, 1.0]
tipy = [0.0, 0.07990016629612248, 0.07990016629612248, 0.03995008314806124, 0.03995008314806124, 0.05950012383753801, 0.05918856503784593, 0.05887223327900115, 0.05855105722601632, 0.058224939603908725, 0.05789379610769332, 0.057557522977388524, 0.05721602293801161, 0.05686919871457984, 0.05651692060711625, 0.05615909782563695, 0.055795607155163816, 0.05542633186571757, 0.05505116819731662, 0.05466996699498746, 0.05428258558875541, 0.05388887806614637, 0.05348869851468624, 0.053081891294402654, 0.0526682813103267, 0.052247699952488305, 0.05181993321592546, 0.05138482221816636, 0.05094216268174728, 0.050491743844205635, 0.050092974779995116, 0.04968799632938689, 0.049276646367409735, 0.04885875304159416, 0.04843414774197009, 0.04807505065821701, 0.047711054157833666, 0.04734202529834367, 0.046967837622269464, 0.04658836791463293, 0.04620348647545708, 0.04581306360476495, 0.045416940420084734, 0.0450149515539458, 0.04460692191137922, 0.04419269260991321, 0.04377208855457884, 0.04340611737204604, 0.043035149497900264, 0.042658974169678905, 0.04227739035241766, 0.04189019701115223, 0.041497189868418854, 0.041098158161754966, 0.036389867417570734, 0.036389867417570734, 0.0885287815143707, 0.08884389409343192, 0.08915221039369961, 0.08945391848014039, 0.08974920641772087, 0.09003826227140768, 0.09032126113616973, 0.09059836513697822, 0.09086974288380324, 0.09113554353161832, 0.09139594217539235, 0.09165108148510001, 0.09190111710071369, 0.0921461852072092, 0.09238642847456122, 0.09262198957274441, 0.09291012455659468, 0.0931914048966618, 0.09346608350790085, 0.0937344068202681, 0.09399669908370598, 0.09425307702819377, 0.0945036119887188, 0.09474835584527187, 0.09498739938783686, 0.09522080098140341, 0.09544861899096116, 0.09567088584150435, 0.09588764692802491, 0.09609894764551481, 0.09630483338896598, 0.09650534955337035, 0.0967389392119035, 0.0969649284517859, 0.0971833691530083, 0.09739433913555692, 0.09759789027942252, 0.09779411985958784, 0.09798304733104944, 0.09816472457379809, 0.0983391904978269, 0.09850650995312435, 0.09866672833468239, 0.09881988455249409, 0.09896601103155372, 0.09910514668185436, 0.0992373304133891, 0.0993626076211499, 0.09948099776013328, 0.09959252677033464, 0.0996972335617471, 0.09979514407436603, 0.09988627776318797, 0.09997066056820833, 0.10004830545942482, 0.1001192383768328, 0.10018347229043, 0.1002410331402118, 0.1002919209261782, 0.1003361486183269, 0.10037372270165675, 0.10040464966116659, 0.0028099921536701928, 0.0028099921536701928, 0.032300067226092063, 0.032300067226092063, 0.01900072075574205, 0.01900072075574205, 0.03570007430252281, 0.03570007430252281, 0.0, 0.0, 0.0184606095203726, 0.018622904722811955, 0.018861025774290704, 0.01917409233621513, 0.019560943593791295, 0.020020146362273616, 0.020550003193213432, 0.02114855075320927, 0.021813571172654846, 0.022542605015736756, 0.023332949659184775, 0.024181678747268388, 0.02508565029804536, 0.026041518052109715, 0.027045741200090023, 0.028094600595146502, 0.029184213344218446, 0.0303105441567722, 0.031469423178548, 0.032656557340307944, 0.033867553055331984, 0.035097922704416765, 0.03634311381837044, 0.03759851232051209, 0.03885947170916658, 0.040121322785162776, 0.041379389864330714, 0.04262901995999638, 0.04386558278298174, 0.045084496681600146, 0.046281251339152264, 0.04745141425892494, 0.04859065021918777, 0.04969474721318847, 0.05075960996415404, 0.05178129883528383, 0.05275602658725016, 0.05368019080319253, 0.054550364161219354, 0.05536332361690279, 0.05611606337327643, 0.05680578839583644, 0.057429956565034114, 0.05798624625128156, 0.05847260170994374, 0.058887220111340684, 0.05922856451074523, 0.059495376818380706, 0.05968666482942326, 0.05980172167899837, 0.05984012584218086, 0.05980172167899837, 0.05968666482942326, 0.059495376818380706, 0.05922856451074523, 0.058887220111340684, 0.05847260170994374, 0.05798624625128156, 0.057429956565034114, 0.05680578839583644, 0.05611606337327643, 0.05536332361690279, 0.054550364161219354, 0.05368019080319253, 0.05275602658725016, 0.05178129883528383, 0.05075960996415404, 0.04969474721318847, 0.04859065021918777, 0.04745141425892494, 0.046281251339152264, 0.045084496681600146, 0.04386558278298174, 0.04262901995999638, 0.041379389864330714, 0.040121322785162776, 0.03885947170916658, 0.03759851232051209, 0.03634311381837044, 0.035097922704416765, 0.033867553055331984, 0.032656557340307944, 0.031469423178548, 0.0303105441567722, 0.029184213344218446, 0.028094600595146502, 0.027045741200090023, 0.026041518052109715, 0.02508565029804536, 0.024181678747268388, 0.023332949659184775, 0.022542605015736756, 0.021813571172654846, 0.02114855075320927, 0.020550003193213432, 0.020020146362273616, 0.019560943593791295, 0.01917409233621513, 0.018861025774290704, 0.018622904722811955, 0.0184606095203726, 0.0, 0.0]
tips = [4, 4, 4, 4, 4, 4, 0, 0, 0, 0, 0, 0, 0, 0, 0, 0, 0, 0, 0, 0, 0, 0, 0, 0, 0, 0, 0, 0, 0, 0, 0, 0, 0, 0, 0, 0, 0, 0, 0, 0, 0, 0, 0, 0, 0, 0, 0, 0, 0, 0, 0, 0, 0, 4, 4, 4, 4, 0, 0, 0, 0, 0, 0, 0, 0, 0, 0, 0, 0, 0, 0, 0, 0, 0, 0, 0, 0, 0, 0, 0, 0, 0, 0, 0, 0, 0, 0, 0, 0, 0, 0, 0, 0, 0, 0, 0, 0, 0, 0, 0, 0, 0, 0, 0, 0, 0, 0, 0, 0, 0, 0, 0, 0, 0, 0, 0, 0, 4, 4, 4, 4, 4, 4, 4, 4, 4, 4, 4, 4, 0, 0, 0, 0, 0, 0, 0, 0, 0, 0, 0, 0, 0, 0, 0, 0, 0, 0, 0, 0, 0, 0, 0, 0, 0, 0, 0, 0, 0, 0, 0, 0, 0, 0, 0, 0, 0, 0, 0, 0, 0, 0, 0, 0, 0, 0, 0, 0, 0, 0, 0, 0, 0, 0, 0, 0, 0, 0, 0, 0, 0, 0, 0, 0, 0, 0, 0, 0, 0, 0, 0, 0, 0, 0, 0, 0, 0, 0, 0, 0, 0, 0, 0, 0, 0, 0, 0, 0, 0, 0, 0, 0, 0, 0, 0, 0, 0, 0, 0, 4, 4, 4]
nameroot = fus_136mm.dxf
nametip = fus_136mm.dxf

[Transform]
croot = 294.1
ctip = 294.1
incidenceroot = 0.0
thicknessroot = 100.0
tethicknessroot = 0.0
vinvertroot = 0
incidencetip = 0.0
thicknesstip = 100.0
tethicknesstip = 0.0
vinverttip = 0
covering = 0.0
smooth = 0
nbrpoints = 101
repartition = 1.0
reducepoints = 0

[Bloc]
bloclx = 136.0
blochz = 50.0
fleading = 0.0
ftrailing = 0.0
mleadingroot = 5.0
mtrailingroot = 10.0
mleadingtip = 5.0
mtrailingtip = 10.0
cbcutboth = 0
cbrotdelta = 0
rbleftwing = 0
rbrightwing = 1
rbtabletoblockleft = 1
rbtabletoblockright = 0
bloctotableleft = 300.0
bloctotableright = 419.0
bloctotabletrailingroot = 25.0
hoffset = 0.0
hprofileroot = 5.0
hprofiletip = 5.0
cbalignprofiles = 3
angleinroot = 0.0
angleintip = 0.0
angleoutroot = 0.0
angleouttip = 0.0
gbextracutcmdsactive = 0
extracutcommands = X; LE;=; 0;=; 0;=; 8;=; 1;=; 8;=; 2;=; 10;=
	L; TE;=; 90;=; 5;=

[Material]
mspeednorm = 3.5
mspeedhalf = 1.8
mspeedmin = 0.5
mspeedmax = 6.0
mradspnorm = 1.0
mradsphalf = 3.0
mheatspnorm = 80.0
mname = Yellow foam 40 kg/m3
mhotwire = NiCr, 800 mm x 0.3 mm, 24 V

[Table]
tableyy = 855.0
tableyg = 0.0
tableyd = 0.0
maxdiag = 1000.0
cmaxy = 660.0
cmaxz = 360.0
vmaxy = 60.0
vmaxz = 60.0
theatingmax = 100.0
tsvaluemin = 0.0
tsvaluemax = 1000.0
tname = My CNC
tpreheat = 4.0
tpostheat = 4.0
vcut = 3.5
gcodestart1 = 
gcodestart2 = 
gcodestart3 = 
gcodestart4 = 
gcodeend1 = 
gcodeend2 = 
gcodeend3 = 
gcodeend4 = 
gcodeletters = XYAZ

[Cut]
vcut = 3.5
vheat = 80.0
vusefoamparam = 1
vcleanwire = 1
vfastoutsideblock = 1
vhmargin = 40.0
vcutblock = 0

