[Project]
projectname = fus_156mm
usernotes = <!DOCTYPE HTML PUBLIC "-//W3C//DTD HTML 4.0//EN" "http://www.w3.org/TR/REC-html40/strict.dtd">
	<html><head><meta name="qrichtext" content="1" /><style type="text/css">
	p, li { white-space: pre-wrap; }
	</style></head><body style=" font-family:'Arial'; font-size:12pt; font-weight:400; font-style:normal;">
	<p style=" margin-top:0px; margin-bottom:0px; margin-left:0px; margin-right:0px; -qt-block-indent:0; text-indent:0px;"><span style=" font-family:'MS Shell Dlg 2'; font-size:16pt; font-weight:600;">Hello,</span></p>
	<p style="-qt-paragraph-type:empty; margin-top:0px; margin-bottom:0px; margin-left:0px; margin-right:0px; -qt-block-indent:0; text-indent:0px; font-family:'MS Shell Dlg 2'; font-size:8.25pt;"><br /></p>
	<p style=" margin-top:0px; margin-bottom:0px; margin-left:0px; margin-right:0px; -qt-block-indent:0; text-indent:0px;"><span style=" font-family:'MS Shell Dlg 2'; font-size:8.25pt;">This is the</span><span style=" font-family:'MS Shell Dlg 2'; font-size:8.25pt; font-weight:600;"> </span><span style=" font-family:'MS Shell Dlg 2'; font-weight:600; text-decoration: underline; color:#ff0000;">Gemini Aero Foam</span><span style=" font-family:'MS Shell Dlg 2'; font-size:8.25pt; font-weight:600; color:#00ff00;"> </span><span style=" font-family:'MS Shell Dlg 2'; font-size:10pt; font-weight:600; font-style:italic; color:#00ff00;">notes editor</span><span style=" font-family:'MS Shell Dlg 2'; font-size:8.25pt; font-weight:600; font-style:italic; color:#00ff00;"> </span></p>
	<p style="-qt-paragraph-type:empty; margin-top:0px; margin-bottom:0px; margin-left:0px; margin-right:0px; -qt-block-indent:0; text-indent:0px; font-family:'MS Shell Dlg 2'; font-size:8.25pt;"><br /></p>
	<p style=" margin-top:0px; margin-bottom:0px; margin-left:0px; margin-right:0px; -qt-block-indent:0; text-indent:0px;"><span style=" font-family:'Monotype Corsiva'; font-size:16pt;">You can use it to :</span></p>
	<ul style="margin-top: 0px; margin-bottom: 0px; margin-left: 0px; margin-right: 0px; -qt-list-indent: 1;"><li style=" font-family:'Monotype Corsiva'; font-size:16pt;" style=" margin-top:0px; margin-bottom:0px; margin-left:0px; margin-right:0px; -qt-block-indent:0; text-indent:0px;">write notes about your project</li>
	<li style=" font-family:'Monotype Corsiva'; font-size:16pt;" style=" margin-top:0px; margin-bottom:0px; margin-left:0px; margin-right:0px; -qt-block-indent:0; text-indent:0px;">organize these notes</li>
	<li style=" font-family:'Monotype Corsiva'; font-size:16pt;" style=" margin-top:0px; margin-bottom:0px; margin-left:0px; margin-right:0px; -qt-block-indent:0; text-indent:0px;">or write everything you want :)</li></ul></body></html>

[Profil]
rootx = [1.0, 1.0, 0.7993770277258682, 0.7992973551979677, 0.799059366753486, 0.7988225789714268, 0.7985872491365951, 0.798353119964186, 0.798120277215801, 0.797888806653042, 0.7976586225143072, 0.7974298105611982, 0.7972022850321134, 0.7969760459270528, 0.7967510932460166, 0.7965274269890045, 0.7963051329176183, 0.7960841252702563, 0.7958644898085201, 0.7956460550092065, 0.7954289923955188, 0.7952132162058553, 0.7949988122018177, 0.7947856946218042, 0.794573863465815, 0.79436331873385, 0.7941541461875109, 0.793946260065196, 0.7937396603669052, 0.7935344328542404, 0.7933304917655998, 0.7931278371009834, 0.7929264688603913, 0.792726472805425, 0.7925277631744828, 0.7923304257291666, 0.7921342889462729, 0.7804027021765437, 0.7804027021765437, 0.5075286679593799, 0.5075286679593799, 0.4923636154689916, 0.4923636154689916, 0.4856853595512267, 0.47900997664711586, 0.47233789556466727, 0.46566941646948645, 0.4590049681695816, 0.45234485083055825, 0.4456894503796237, 0.43959312980961784, 0.4335013546044975, 0.4274143820490676, 0.42133255518973467, 0.41525608843050266, 0.40918528193697723, 0.40398645652787296, 0.3987921764836543, 0.3936026133275244, 0.38841793858268664, 0.3832383237723441, 0.37806398330050095, 0.3728950029287587, 0.3681617343740218, 0.36343326846897533, 0.3587097981772229, 0.3539914092603662, 0.34927827324160843, 0.344570518763352, 0.34008188517722204, 0.33559839728718904, 0.3311201837356553, 0.3266473088438221, 0.3221799441348927, 0.3177181968108691, 0.3132621740737533, 0.30881200456594765, 0.3041563073798716, 0.29950729959872147, 0.2948650884244993, 0.29022984538040847, 0.2856016776684508, 0.2809807568118296, 0.2770257962321498, 0.27307632439497337, 0.2691324270619019, 0.2651942114349374, 0.2612617203948807, 0.2573350611437339, 0.25341431944309845, 0.24982558234271537, 0.24624194805762836, 0.24266348090903866, 0.2390902666585479, 0.23552234818695686, 0.23195981125586718, 0.22808806087015437, 0.2242228283661643, 0.220364220945899, 0.21651228149015928, 0.21266713864134756, 0.20889735879995505, 0.20513424692308813, 0.2013779316531492, 0.19762847731133948, 0.19380966327422358, 0.18999816041364537, 0.18619405449120643, 0.18239743126850844, 0.17860838722735314, 0.1748269866889418, 0.17105332613507623, 0.16775779723041484, 0.1644683037984671, 0.16118492088063444, 0.15790770207791785, 0.15463669027111815, 0.15137196050163676, 0.14811356637047468, 0.14486156147863294, 0.14146161782400518, 0.1380688031025117, 0.13468320307575407, 0.13130488206493354, 0.1279338936710511, 0.12457030221530793, 0.12169944332144392, 0.11883408389028347, 0.11597427752282759, 0.1131200563796769, 0.110271452621432, 0.1074792478364492, 0.10469254251416996, 0.1019113902555953, 0.09913581250112562, 0.09630938883709841, 0.09348887200338243, 0.0906742834403781, 0.08786568210918652, 0.0850630948103082, 0.08226657514474414, 0.07947615527309496, 0.07669187807616144, 0.07391379179484453, 0.0711419285897448, 0.06837633670176317, 0.06561705365160035, 0.06286412232005716, 0.06011758558793437, 0.057605574675628185, 0.05509900426492445, 0.04509435062601681, 0.035526904272042664, 0.03313994181504139, 0.03075840645939231, 0.027958609092616528, 0.025166439148284384, 0.022381947547346837, 0.01960517985065475, 0.01713248929266404, 0.01466602851101565, 0.012205831006335209, 0.0097519329592984, 0.007304366530505831, 0.004863166560608152, 0.0024283662152247425, 3.5129577322252893e-13, 0.0, 0.4923636154689916, 0.4923636154689916, 0.5075286679593799, 0.5075286679593799, 0.7918213448619795, 0.7918065081049002, 0.7918077945289244, 0.9077394699761497, 0.9077394699761497, 0.9067108453263787, 0.9056946561088418, 0.9046946758340101, 0.9037146780123548, 0.9027580931079404, 0.9018286946312379, 0.9009298272847105, 0.9000647500092194, 0.899236721745626, 0.8984488299115884, 0.8977039904015616, 0.8970049475867972, 0.8963543600769454, 0.8957544576736479, 0.8952076417017503, 0.8947158846780895, 0.894280901834698, 0.8939044084036079, 0.8935878623320467, 0.8933322927592338, 0.8931387288243885, 0.893007856620324, 0.8929401907166497, 0.892935902636569, 0.8929951639032849, 0.8931175457087897, 0.8933027907682781, 0.893550127227336, 0.8938586117083454, 0.8942271293104853, 0.8946543078481299, 0.8951386036124502, 0.8956782156098122, 0.896271085561777, 0.8969150694283046, 0.8976078516461511, 0.8983466878440648, 0.8991290051739974, 0.8999518019798923, 0.9008120766056931, 0.9017066558721397, 0.9026321950767695, 0.9035852637555177, 0.9045623456827181, 0.9055599246327045, 0.9065741413334042, 0.9076013080359479, 0.9086376512298643, 0.9096793116430808, 0.9107223442419232, 0.9117630612775219, 0.9127975177162029, 0.9138218542858931, 0.9148322974761218, 0.9158251595380194, 0.9167966669611148, 0.9177433035197419, 0.9186615529882344, 0.9195479849025276, 0.9203992545601588, 0.9212123603050711, 0.9219842147196067, 0.9227119876709121, 0.9233929347877358, 0.9240245689836307, 0.9246044889337517, 0.9251306363596602, 0.9256010387445187, 0.9260139808562953, 0.9263678332245591, 0.9266613094252858, 0.9268934660808578, 0.9270632740520556, 0.9271701330076679, 0.92721378566289, 0.9271938889713153, 0.9271106144561471, 0.9269642194021902, 0.9267553041406559, 0.9264846405259588, 0.9261531719357166, 0.9257621847939534, 0.9253130512862954, 0.9248075724063762, 0.9242474633862282, 0.9236348682658918, 0.9229721026086106, 0.9222614819776283, 0.9215058365057979, 0.9207077390411681, 0.9198703627629987, 0.918996709327346, 0.91808995191347, 0.9171535209854351, 0.916190847007306, 0.9152055319663506, 0.9142012636114382, 0.9131816439298367, 0.9121505321936189, 0.9111117876748572, 0.9111117876748572, 1.0]
rooty = [0.0, 0.07306614020478155, 0.07306614020478155, 0.07237158379380167, 0.07028781271896009, 0.06820388620121559, 0.06611982032086845, 0.0640355989976184, 0.06195123831176572, 0.05986672754311021, 0.05778207205175198, 0.05569727183769102, 0.05361232690092734, 0.05152724260156103, 0.0494420189395921, 0.04735665055492044, 0.04527113744754606, 0.043185493017719206, 0.04109970654523967, 0.03901378339020757, 0.03692772087257284, 0.034841524352435586, 0.03275519382979581, 0.03066872662460346, 0.028582128096958637, 0.02649539556681129, 0.02440853171421147, 0.022321536539159175, 0.02023441004165441, 0.01814715490174722, 0.01605977111943761, 0.0139722600347506, 0.011884621647686194, 0.00979685796828193, 0.007708968326525291, 0.0056209540624413065, 0.0035328161810487444, 0.0035328161810487444, 0.03950383858208629, 0.03950383858208629, 0.011606735298103039, 0.011606735298103039, 0.023145584928427654, 0.02315813560281401, 0.02316650807917168, 0.023170705037550716, 0.023170731838051222, 0.023166593840773294, 0.023158299085867088, 0.0231458475733326, 0.023130791052149057, 0.0231122504658999, 0.023090233854735284, 0.023064741218655208, 0.02303578059780982, 0.023003354672249177, 0.02297280478172386, 0.022939714203750697, 0.02290408829842979, 0.022865924385711087, 0.02282522782569469, 0.022782001298430648, 0.022736247483969012, 0.022692085619237357, 0.022645806514965828, 0.02259740749110438, 0.022546893907753107, 0.022494268444962065, 0.022439527082656174, 0.022385308330110126, 0.022329167981677892, 0.022271107377384494, 0.02221113053730501, 0.02214923746143944, 0.022085430829837834, 0.022019711982525215, 0.021952083599551638, 0.021879186238178836, 0.02180419709774164, 0.021727116178240052, 0.02164794615972412, 0.0215666897222439, 0.021483348205824412, 0.0214102538607729, 0.021335630547167594, 0.021259480945058546, 0.021181803714420726, 0.021102600195279167, 0.021021873067683914, 0.020939623671659992, 0.020862891158664965, 0.02078488160182089, 0.020705595001127765, 0.020625032696610614, 0.020543194688269442, 0.020460083656154295, 0.02036816865962335, 0.020274746134939018, 0.020179817422126323, 0.02008338520123531, 0.019985449472265986, 0.01988780050865206, 0.019788702977985854, 0.01968815956031742, 0.019586171595671782, 0.019480612464333896, 0.01937355250496774, 0.019264990377548297, 0.019154927422100593, 0.019043366318674676, 0.01893030840729557, 0.018815753687963274, 0.018714292353152553, 0.018611686636970284, 0.018507937879441487, 0.01840304742059119, 0.018297016600444416, 0.018189844078976145, 0.01808153253623642, 0.01797208197222525, 0.017856199288092945, 0.017739069040662147, 0.01762069122993286, 0.017501067195930097, 0.017380198278678895, 0.01725808581820427, 0.01715265934934388, 0.017046325683541405, 0.016939082140746794, 0.016830932741035125, 0.016721874804356347, 0.016613883527597656, 0.016505017214497483, 0.016395278545105887, 0.016284667519422858, 0.016170899394780378, 0.016056225413220836, 0.015940644234719213, 0.015824155859275504, 0.01570676296693976, 0.015588465557711984, 0.015469262291567148, 0.015349157188580329, 0.015228147568701476, 0.015106236111980639, 0.01498342281841782, 0.014859709028038041, 0.014735093400816279, 0.01460957727677756, 0.014493732113345963, 0.014377131175800134, 0.013907739169810545, 0.013431227610861879, 0.013311457514131368, 0.013190978544162507, 0.013048075595421359, 0.012904190408336715, 0.012759321642883546, 0.012613473319136929, 0.012482421551718963, 0.012350588549711284, 0.012217974313113892, 0.012084580181951814, 0.011950406156225049, 0.011815452235933596, 0.011679719761102483, 0.011543208731731707, 6.788791336723472e-05, 6.788791336723472e-05, 0.008263162476211876, 0.008263162476211876, 0.00016053283095147458, 0.00016053283095147458, 1.1727662406333548e-07, 0.0, 0.0, 0.026716220970769873, 0.026889558567884168, 0.02712514032742064, 0.027422089873012798, 0.027779311064189988, 0.02819548263627733, 0.028669058200395704, 0.029198287683862154, 0.029781211970089785, 0.030415670938737916, 0.031099316865962335, 0.03182961710446535, 0.03260387016379608, 0.03341920303030043, 0.03427260332772167, 0.03516090591695018, 0.03608082773667415, 0.03702895440312927, 0.03800178309089958, 0.03899570645261714, 0.04000704477956267, 0.04103205672186569, 0.04206694196855465, 0.04310787340815747, 0.044150994448651525, 0.04519244045786404, 0.04622836020387248, 0.047254910494904476, 0.04826829638008856, 0.04926476578935407, 0.05024062561373146, 0.051192263145752696, 0.05211615143955137, 0.05300888147146326, 0.05386713533952589, 0.054687739864479515, 0.055467655869566895, 0.05620399426083362, 0.05689402674732831, 0.05753520728150302, 0.058125155978912935, 0.05866168591871687, 0.05914280850377737, 0.05956675490106113, 0.05993193852093827, 0.060237019338383546, 0.06048086637227568, 0.060662568405597486, 0.06078146078593647, 0.060837103985084344, 0.06082928895913717, 0.060758037148495356, 0.06062362727836415, 0.06042654711785274, 0.06016753100067494, 0.05984753302464874, 0.059467737771896435, 0.05902956030884468, 0.05853461402562385, 0.057984737436568574, 0.05738196201961711, 0.056728522936511545, 0.056026837592397405, 0.05527951099592375, 0.05448929823854246, 0.05365913665510886, 0.05279209222288068, 0.05189137564181839, 0.050960331614384964, 0.05000239596474512, 0.04902112243926578, 0.04802014518581538, 0.04700316267346356, 0.0459739484126814, 0.044936313434640655, 0.043894098251063655, 0.04285115677392298, 0.041811358995491515, 0.04077855078759167, 0.03975655658164547, 0.038749160608324194, 0.03776009349729808, 0.03679301887698613, 0.03585151461420572, 0.03493907013412257, 0.03405906229980026, 0.03321475005210017, 0.03240925832938115, 0.03164557002734938, 0.030926515278858136, 0.030254755373607552, 0.029632777398044464, 0.029062886195212273, 0.028547188284450648, 0.02808759454144558, 0.027685809478029164, 0.027343315161879312, 0.027061387296820047, 0.0268410630622209, 0.026683162553397317, 0.02658826734121025, 0.0, 0.0]
roots = [4, 4, 4, 0, 0, 0, 0, 0, 0, 0, 0, 0, 0, 0, 0, 0, 0, 0, 0, 0, 0, 0, 0, 0, 0, 0, 0, 0, 0, 0, 0, 0, 0, 0, 0, 0, 4, 4, 4, 4, 4, 4, 4, 0, 0, 0, 0, 0, 0, 0, 0, 0, 0, 0, 0, 0, 0, 0, 0, 0, 0, 0, 0, 0, 0, 0, 0, 0, 0, 0, 0, 0, 0, 0, 0, 0, 0, 0, 0, 0, 0, 0, 0, 0, 0, 0, 0, 0, 0, 0, 0, 0, 0, 0, 0, 0, 0, 0, 0, 0, 0, 0, 0, 0, 0, 0, 0, 0, 0, 0, 0, 0, 0, 0, 0, 0, 0, 0, 0, 0, 0, 0, 0, 0, 0, 0, 0, 0, 0, 0, 0, 0, 0, 0, 0, 0, 0, 0, 0, 0, 0, 0, 0, 0, 0, 0, 0, 0, 0, 0, 0, 0, 0, 0, 0, 0, 0, 0, 0, 0, 0, 0, 0, 0, 0, 0, 4, 4, 4, 4, 4, 4, 0, 0, 4, 4, 4, 0, 0, 0, 0, 0, 0, 0, 0, 0, 0, 0, 0, 0, 0, 0, 0, 0, 0, 0, 0, 0, 0, 0, 0, 0, 0, 0, 0, 0, 0, 0, 0, 0, 0, 0, 0, 0, 0, 0, 0, 0, 0, 0, 0, 0, 0, 0, 0, 0, 0, 0, 0, 0, 0, 0, 0, 0, 0, 0, 0, 0, 0, 0, 0, 0, 0, 0, 0, 0, 0, 0, 0, 0, 0, 0, 0, 0, 0, 0, 0, 0, 0, 0, 0, 0, 0, 0, 0, 0, 0, 0, 0, 0, 0, 0, 0, 0, 0, 0, 4, 4, 4]
tipx = [1.0, 1.0, 0.7993770277258682, 0.7992973551979677, 0.799059366753486, 0.7988225789714268, 0.7985872491365951, 0.798353119964186, 0.798120277215801, 0.797888806653042, 0.7976586225143072, 0.7974298105611982, 0.7972022850321134, 0.7969760459270528, 0.7967510932460166, 0.7965274269890045, 0.7963051329176183, 0.7960841252702563, 0.7958644898085201, 0.7956460550092065, 0.7954289923955188, 0.7952132162058553, 0.7949988122018177, 0.7947856946218042, 0.794573863465815, 0.79436331873385, 0.7941541461875109, 0.793946260065196, 0.7937396603669052, 0.7935344328542404, 0.7933304917655998, 0.7931278371009834, 0.7929264688603913, 0.792726472805425, 0.7925277631744828, 0.7923304257291666, 0.7921342889462729, 0.7804027021765437, 0.7804027021765437, 0.5075286679593799, 0.5075286679593799, 0.4923636154689916, 0.4923636154689916, 0.4856853595512267, 0.47900997664711586, 0.47233789556466727, 0.46566941646948645, 0.4590049681695816, 0.45234485083055825, 0.4456894503796237, 0.43959312980961784, 0.4335013546044975, 0.4274143820490676, 0.42133255518973467, 0.41525608843050266, 0.40918528193697723, 0.40398645652787296, 0.3987921764836543, 0.3936026133275244, 0.38841793858268664, 0.3832383237723441, 0.37806398330050095, 0.3728950029287587, 0.3681617343740218, 0.36343326846897533, 0.3587097981772229, 0.3539914092603662, 0.34927827324160843, 0.344570518763352, 0.34008188517722204, 0.33559839728718904, 0.3311201837356553, 0.3266473088438221, 0.3221799441348927, 0.3177181968108691, 0.3132621740737533, 0.30881200456594765, 0.3041563073798716, 0.29950729959872147, 0.2948650884244993, 0.29022984538040847, 0.2856016776684508, 0.2809807568118296, 0.2770257962321498, 0.27307632439497337, 0.2691324270619019, 0.2651942114349374, 0.2612617203948807, 0.2573350611437339, 0.25341431944309845, 0.24982558234271537, 0.24624194805762836, 0.24266348090903866, 0.2390902666585479, 0.23552234818695686, 0.23195981125586718, 0.22808806087015437, 0.2242228283661643, 0.220364220945899, 0.21651228149015928, 0.21266713864134756, 0.20889735879995505, 0.20513424692308813, 0.2013779316531492, 0.19762847731133948, 0.19380966327422358, 0.18999816041364537, 0.18619405449120643, 0.18239743126850844, 0.17860838722735314, 0.1748269866889418, 0.17105332613507623, 0.16775779723041484, 0.1644683037984671, 0.16118492088063444, 0.15790770207791785, 0.15463669027111815, 0.15137196050163676, 0.14811356637047468, 0.14486156147863294, 0.14146161782400518, 0.1380688031025117, 0.13468320307575407, 0.13130488206493354, 0.1279338936710511, 0.12457030221530793, 0.12169944332144392, 0.11883408389028347, 0.11597427752282759, 0.1131200563796769, 0.110271452621432, 0.1074792478364492, 0.10469254251416996, 0.1019113902555953, 0.09913581250112562, 0.09630938883709841, 0.09348887200338243, 0.0906742834403781, 0.08786568210918652, 0.0850630948103082, 0.08226657514474414, 0.07947615527309496, 0.07669187807616144, 0.07391379179484453, 0.0711419285897448, 0.06837633670176317, 0.06561705365160035, 0.06286412232005716, 0.06011758558793437, 0.057605574675628185, 0.05509900426492445, 0.04509435062601681, 0.035526904272042664, 0.03313994181504139, 0.03075840645939231, 0.027958609092616528, 0.025166439148284384, 0.022381947547346837, 0.01960517985065475, 0.01713248929266404, 0.01466602851101565, 0.012205831006335209, 0.0097519329592984, 0.007304366530505831, 0.004863166560608152, 0.0024283662152247425, 3.5129577322252893e-13, 0.0, 0.4923636154689916, 0.4923636154689916, 0.5075286679593799, 0.5075286679593799, 0.7918213448619795, 0.7918065081049002, 0.7918077945289244, 0.9077394699761497, 0.9077394699761497, 0.9067108453263787, 0.9056946561088418, 0.9046946758340101, 0.9037146780123548, 0.9027580931079404, 0.9018286946312379, 0.9009298272847105, 0.9000647500092194, 0.899236721745626, 0.8984488299115884, 0.8977039904015616, 0.8970049475867972, 0.8963543600769454, 0.8957544576736479, 0.8952076417017503, 0.8947158846780895, 0.894280901834698, 0.8939044084036079, 0.8935878623320467, 0.8933322927592338, 0.8931387288243885, 0.893007856620324, 0.8929401907166497, 0.892935902636569, 0.8929951639032849, 0.8931175457087897, 0.8933027907682781, 0.893550127227336, 0.8938586117083454, 0.8942271293104853, 0.8946543078481299, 0.8951386036124502, 0.8956782156098122, 0.896271085561777, 0.8969150694283046, 0.8976078516461511, 0.8983466878440648, 0.8991290051739974, 0.8999518019798923, 0.9008120766056931, 0.9017066558721397, 0.9026321950767695, 0.9035852637555177, 0.9045623456827181, 0.9055599246327045, 0.9065741413334042, 0.9076013080359479, 0.9086376512298643, 0.9096793116430808, 0.9107223442419232, 0.9117630612775219, 0.9127975177162029, 0.9138218542858931, 0.9148322974761218, 0.9158251595380194, 0.9167966669611148, 0.9177433035197419, 0.9186615529882344, 0.9195479849025276, 0.9203992545601588, 0.9212123603050711, 0.9219842147196067, 0.9227119876709121, 0.9233929347877358, 0.9240245689836307, 0.9246044889337517, 0.9251306363596602, 0.9256010387445187, 0.9260139808562953, 0.9263678332245591, 0.9266613094252858, 0.9268934660808578, 0.9270632740520556, 0.9271701330076679, 0.92721378566289, 0.9271938889713153, 0.9271106144561471, 0.9269642194021902, 0.9267553041406559, 0.9264846405259588, 0.9261531719357166, 0.9257621847939534, 0.9253130512862954, 0.9248075724063762, 0.9242474633862282, 0.9236348682658918, 0.9229721026086106, 0.9222614819776283, 0.9215058365057979, 0.9207077390411681, 0.9198703627629987, 0.918996709327346, 0.91808995191347, 0.9171535209854351, 0.916190847007306, 0.9152055319663506, 0.9142012636114382, 0.9131816439298367, 0.9121505321936189, 0.9111117876748572, 0.9111117876748572, 1.0]
tipy = [0.0, 0.07306614020478155, 0.07306614020478155, 0.07237158379380167, 0.07028781271896009, 0.06820388620121559, 0.06611982032086845, 0.0640355989976184, 0.06195123831176572, 0.05986672754311021, 0.05778207205175198, 0.05569727183769102, 0.05361232690092734, 0.05152724260156103, 0.0494420189395921, 0.04735665055492044, 0.04527113744754606, 0.043185493017719206, 0.04109970654523967, 0.03901378339020757, 0.03692772087257284, 0.034841524352435586, 0.03275519382979581, 0.03066872662460346, 0.028582128096958637, 0.02649539556681129, 0.02440853171421147, 0.022321536539159175, 0.02023441004165441, 0.01814715490174722, 0.01605977111943761, 0.0139722600347506, 0.011884621647686194, 0.00979685796828193, 0.007708968326525291, 0.0056209540624413065, 0.0035328161810487444, 0.0035328161810487444, 0.03950383858208629, 0.03950383858208629, 0.011606735298103039, 0.011606735298103039, 0.023145584928427654, 0.02315813560281401, 0.02316650807917168, 0.023170705037550716, 0.023170731838051222, 0.023166593840773294, 0.023158299085867088, 0.0231458475733326, 0.023130791052149057, 0.0231122504658999, 0.023090233854735284, 0.023064741218655208, 0.02303578059780982, 0.023003354672249177, 0.02297280478172386, 0.022939714203750697, 0.02290408829842979, 0.022865924385711087, 0.02282522782569469, 0.022782001298430648, 0.022736247483969012, 0.022692085619237357, 0.022645806514965828, 0.02259740749110438, 0.022546893907753107, 0.022494268444962065, 0.022439527082656174, 0.022385308330110126, 0.022329167981677892, 0.022271107377384494, 0.02221113053730501, 0.02214923746143944, 0.022085430829837834, 0.022019711982525215, 0.021952083599551638, 0.021879186238178836, 0.02180419709774164, 0.021727116178240052, 0.02164794615972412, 0.0215666897222439, 0.021483348205824412, 0.0214102538607729, 0.021335630547167594, 0.021259480945058546, 0.021181803714420726, 0.021102600195279167, 0.021021873067683914, 0.020939623671659992, 0.020862891158664965, 0.02078488160182089, 0.020705595001127765, 0.020625032696610614, 0.020543194688269442, 0.020460083656154295, 0.02036816865962335, 0.020274746134939018, 0.020179817422126323, 0.02008338520123531, 0.019985449472265986, 0.01988780050865206, 0.019788702977985854, 0.01968815956031742, 0.019586171595671782, 0.019480612464333896, 0.01937355250496774, 0.019264990377548297, 0.019154927422100593, 0.019043366318674676, 0.01893030840729557, 0.018815753687963274, 0.018714292353152553, 0.018611686636970284, 0.018507937879441487, 0.01840304742059119, 0.018297016600444416, 0.018189844078976145, 0.01808153253623642, 0.01797208197222525, 0.017856199288092945, 0.017739069040662147, 0.01762069122993286, 0.017501067195930097, 0.017380198278678895, 0.01725808581820427, 0.01715265934934388, 0.017046325683541405, 0.016939082140746794, 0.016830932741035125, 0.016721874804356347, 0.016613883527597656, 0.016505017214497483, 0.016395278545105887, 0.016284667519422858, 0.016170899394780378, 0.016056225413220836, 0.015940644234719213, 0.015824155859275504, 0.01570676296693976, 0.015588465557711984, 0.015469262291567148, 0.015349157188580329, 0.015228147568701476, 0.015106236111980639, 0.01498342281841782, 0.014859709028038041, 0.014735093400816279, 0.01460957727677756, 0.014493732113345963, 0.014377131175800134, 0.013907739169810545, 0.013431227610861879, 0.013311457514131368, 0.013190978544162507, 0.013048075595421359, 0.012904190408336715, 0.012759321642883546, 0.012613473319136929, 0.012482421551718963, 0.012350588549711284, 0.012217974313113892, 0.012084580181951814, 0.011950406156225049, 0.011815452235933596, 0.011679719761102483, 0.011543208731731707, 6.788791336723472e-05, 6.788791336723472e-05, 0.008263162476211876, 0.008263162476211876, 0.00016053283095147458, 0.00016053283095147458, 1.1727662406333548e-07, 0.0, 0.0, 0.026716220970769873, 0.026889558567884168, 0.02712514032742064, 0.027422089873012798, 0.027779311064189988, 0.02819548263627733, 0.028669058200395704, 0.029198287683862154, 0.029781211970089785, 0.030415670938737916, 0.031099316865962335, 0.03182961710446535, 0.03260387016379608, 0.03341920303030043, 0.03427260332772167, 0.03516090591695018, 0.03608082773667415, 0.03702895440312927, 0.03800178309089958, 0.03899570645261714, 0.04000704477956267, 0.04103205672186569, 0.04206694196855465, 0.04310787340815747, 0.044150994448651525, 0.04519244045786404, 0.04622836020387248, 0.047254910494904476, 0.04826829638008856, 0.04926476578935407, 0.05024062561373146, 0.051192263145752696, 0.05211615143955137, 0.05300888147146326, 0.05386713533952589, 0.054687739864479515, 0.055467655869566895, 0.05620399426083362, 0.05689402674732831, 0.05753520728150302, 0.058125155978912935, 0.05866168591871687, 0.05914280850377737, 0.05956675490106113, 0.05993193852093827, 0.060237019338383546, 0.06048086637227568, 0.060662568405597486, 0.06078146078593647, 0.060837103985084344, 0.06082928895913717, 0.060758037148495356, 0.06062362727836415, 0.06042654711785274, 0.06016753100067494, 0.05984753302464874, 0.059467737771896435, 0.05902956030884468, 0.05853461402562385, 0.057984737436568574, 0.05738196201961711, 0.056728522936511545, 0.056026837592397405, 0.05527951099592375, 0.05448929823854246, 0.05365913665510886, 0.05279209222288068, 0.05189137564181839, 0.050960331614384964, 0.05000239596474512, 0.04902112243926578, 0.04802014518581538, 0.04700316267346356, 0.0459739484126814, 0.044936313434640655, 0.043894098251063655, 0.04285115677392298, 0.041811358995491515, 0.04077855078759167, 0.03975655658164547, 0.038749160608324194, 0.03776009349729808, 0.03679301887698613, 0.03585151461420572, 0.03493907013412257, 0.03405906229980026, 0.03321475005210017, 0.03240925832938115, 0.03164557002734938, 0.030926515278858136, 0.030254755373607552, 0.029632777398044464, 0.029062886195212273, 0.028547188284450648, 0.02808759454144558, 0.027685809478029164, 0.027343315161879312, 0.027061387296820047, 0.0268410630622209, 0.026683162553397317, 0.02658826734121025, 0.0, 0.0]
tips = [4, 4, 4, 0, 0, 0, 0, 0, 0, 0, 0, 0, 0, 0, 0, 0, 0, 0, 0, 0, 0, 0, 0, 0, 0, 0, 0, 0, 0, 0, 0, 0, 0, 0, 0, 0, 4, 4, 4, 4, 4, 4, 4, 0, 0, 0, 0, 0, 0, 0, 0, 0, 0, 0, 0, 0, 0, 0, 0, 0, 0, 0, 0, 0, 0, 0, 0, 0, 0, 0, 0, 0, 0, 0, 0, 0, 0, 0, 0, 0, 0, 0, 0, 0, 0, 0, 0, 0, 0, 0, 0, 0, 0, 0, 0, 0, 0, 0, 0, 0, 0, 0, 0, 0, 0, 0, 0, 0, 0, 0, 0, 0, 0, 0, 0, 0, 0, 0, 0, 0, 0, 0, 0, 0, 0, 0, 0, 0, 0, 0, 0, 0, 0, 0, 0, 0, 0, 0, 0, 0, 0, 0, 0, 0, 0, 0, 0, 0, 0, 0, 0, 0, 0, 0, 0, 0, 0, 0, 0, 0, 0, 0, 0, 0, 0, 0, 4, 4, 4, 4, 4, 4, 0, 0, 4, 4, 4, 0, 0, 0, 0, 0, 0, 0, 0, 0, 0, 0, 0, 0, 0, 0, 0, 0, 0, 0, 0, 0, 0, 0, 0, 0, 0, 0, 0, 0, 0, 0, 0, 0, 0, 0, 0, 0, 0, 0, 0, 0, 0, 0, 0, 0, 0, 0, 0, 0, 0, 0, 0, 0, 0, 0, 0, 0, 0, 0, 0, 0, 0, 0, 0, 0, 0, 0, 0, 0, 0, 0, 0, 0, 0, 0, 0, 0, 0, 0, 0, 0, 0, 0, 0, 0, 0, 0, 0, 0, 0, 0, 0, 0, 0, 0, 0, 0, 0, 0, 4, 4, 4]
nameroot = fus_156mm.dxf
nametip = fus_156mm.dxf

[Transform]
croot = 355.8
ctip = 355.8
incidenceroot = 0.0
thicknessroot = 100.0
tethicknessroot = 0.0
vinvertroot = 0
incidencetip = 0.0
thicknesstip = 100.0
tethicknesstip = 0.0
vinverttip = 0
covering = 0.0
smooth = 0
nbrpoints = 101
repartition = 1.0
reducepoints = 0

[Bloc]
bloclx = 156.0
blochz = 50.0
fleading = 0.0
ftrailing = 0.0
mleadingroot = 5.0
mtrailingroot = 10.0
mleadingtip = 5.0
mtrailingtip = 10.0
cbcutboth = 0
cbrotdelta = 0
rbleftwing = 0
rbrightwing = 1
rbtabletoblockleft = 1
rbtabletoblockright = 0
bloctotableleft = 300.0
bloctotableright = 399.0
bloctotabletrailingroot = 25.0
hoffset = 0.0
hprofileroot = 5.0
hprofiletip = 5.0
cbalignprofiles = 3
angleinroot = 0.0
angleintip = 0.0
angleoutroot = 0.0
angleouttip = 0.0
gbextracutcmdsactive = 0
extracutcommands = X; LE;=; 0;=; 0;=; 8;=; 1;=; 8;=; 2;=; 10;=
	L; TE;=; 90;=; 5;=

[Material]
mspeednorm = 3.5
mspeedhalf = 1.8
mspeedmin = 0.5
mspeedmax = 6.0
mradspnorm = 1.0
mradsphalf = 3.0
mheatspnorm = 80.0
mname = Yellow foam 40 kg/m3
mhotwire = NiCr, 800 mm x 0.3 mm, 24 V

[Table]
tableyy = 855.0
tableyg = 0.0
tableyd = 0.0
maxdiag = 1000.0
cmaxy = 660.0
cmaxz = 360.0
vmaxy = 60.0
vmaxz = 60.0
theatingmax = 100.0
tsvaluemin = 0.0
tsvaluemax = 1000.0
tname = My CNC
tpreheat = 4.0
tpostheat = 4.0
vcut = 3.5
gcodestart1 = 
gcodestart2 = 
gcodestart3 = 
gcodestart4 = 
gcodeend1 = 
gcodeend2 = 
gcodeend3 = 
gcodeend4 = 
gcodeletters = XYAZ

[Cut]
vcut = 3.5
vheat = 80.0
vusefoamparam = 1
vcleanwire = 1
vfastoutsideblock = 1
vhmargin = 40.0
vcutblock = 0

