[Profil]
rootx = [1.0, 0.999996353546021, 0.9999838054543874, 0.9999624629737455, 0.9999325406013883, 0.9998941455859621, 0.9998484576625779, 0.9997948333393571, 0.999733594362239, 0.9996647407312235, 0.9995731503871622, 0.9994713714216892, 0.999359618332097, 0.999238212864325, 0.9991072622670197, 0.998967195534767, 0.998818119916213, 0.9986603571572974, 0.9984942290039593, 0.9983198427048452, 0.9981375200058944, 0.9979475826530463, 0.9977617207487629, 0.997569423925693, 0.9973709066811295, 0.9971664907610117, 0.9969563906626325, 0.9967274148024796, 0.9964925402667725, 0.9962519815528038, 0.9960058459092203, 0.995754669579254, 0.9954984525629048, 0.9952525314166141, 0.9950027493190515, 0.9947492135188635, 0.9944920312646964, 0.9942316315511361, 0.993968121626829, 0.993701715989068, 0.9934326291351459, 0.9931610755623556, 0.99288726976799, 0.9926163596870785, 0.9923437336278238, 0.9920694988388725, 0.9917939770661639, 0.9867568298887391, 0.981720326203193, 0.9766842515122327, 0.971648820313151, 0.9666139253573015, 0.9615794593960378, 0.9568331705477628, 0.9520872034454271, 0.9473417725863237, 0.9425966634731595, 0.9378518761059347, 0.9318004784791112, 0.9257496170955201, 0.9196991847065146, 0.9136493958093879, 0.9075999286582004, 0.9015509977502452, 0.8955024422125525, 0.8870351079516613, 0.8785684171826489, 0.8701022626568685, 0.8616366443743205, 0.8531714550863582, 0.8420868248577051, 0.8310028381209308, 0.819919494876035, 0.8073255008216855, 0.7947322038835378, 0.7821394968129456, 0.7695473796099088, 0.7569556377771345, 0.744364324938946, 0.7245786120244823, 0.7047937034748669, 0.685009652914423, 0.6657402349839293, 0.6464716750426072, 0.6272039730904566, 0.6079370755031543, 0.5886711431536701, 0.5694060687933573, 0.5501419060465392, 0.5324838990288313, 0.514826750000295, 0.49717040533660684, 0.4795148650377671, 0.4618601291037756, 0.4442061975346325, 0.42494825520930807, 0.4056911976853168, 0.3864349981504971, 0.3671796297926873, 0.347925119424049, 0.32867135979593587, 0.309418404532671, 0.28824100636981886, 0.2670644930082999, 0.2458888108237908, 0.22471395981629164, 0.20353989976756, 0.18236661727151507, 0.16119408551599523, 0.14002230450100048, 0.11885123400828838, 0.09768085392873778, 0.07688918892889382, 0.05609815066332752, 0.03530773242899845, 0.01451791244102531, 0.014164487932757673, 0.013810289223323535, 0.013455566000977894, 0.013100565440335594, 0.012745535553891534, 0.012390724354140608, 0.01205661130527287, 0.011723121639162573, 0.011390463150062199, 0.011058842794344178, 0.010728469204141042, 0.01039955017370527, 0.010072294335169395, 0.009746908644905844, 0.009423600897167102, 0.009102579724085697, 0.00878971782693436, 0.008479458385219334, 0.008171999138632495, 0.00786753615110562, 0.007560820942003471, 0.007257623991232638, 0.006958153511985626, 0.006662618555334993, 0.0063712256587131425, 0.0060892698050981076, 0.005811707375526953, 0.005538735690751531, 0.005270551233643643, 0.005002032881335701, 0.0047389142470120795, 0.004481403543865286, 0.004229701444167374, 0.003983952901167048, 0.003744283177931832, 0.003510817328059238, 0.003284169098686129, 0.0030639467808889777, 0.0028502747998552574, 0.0026432773713024288, 0.002443078920417965, 0.0022531937256029437, 0.002070104785346124, 0.0018939298217945765, 0.001724786557095372, 0.0015595621621265455, 0.001401907489737377, 0.0012519474887903715, 0.0011098075270880587, 0.0009756127629629562, 0.000849488302380078, 0.0007315593560394448, 0.00062195118700858, 0.0005207889536200011, 0.00042819778802247383, 0.0003443029270997703, 0.0002692295553681594, 0.00020310283116015847, 0.00014604797826766382, 0.00010182398188801281, 6.542448253675987e-05, 3.69459116979782e-05, 1.648468940034966e-05, 4.137243445857376e-06, 0.0, 0.0, 0.09093399575102312, 0.09102474151199356, 0.0911224450289019, 0.09122683147709164, 0.09133760592278505, 0.09145444662004282, 0.09157701171380442, 0.0917049526459689, 0.09183790745235453, 0.09197548065357754, 0.092117290176335, 0.09226292043212196, 0.09241195583243343, 0.09256396067964326, 0.09271850597916566, 0.09287514262729368, 0.09303342822336075, 0.09319289355453868, 0.09335308951712047, 0.09351355360131838, 0.09364180287334138, 0.11335667135379002, 0.1330708896393196, 0.1527844644329705, 0.172497449359066, 0.19220987122976768, 0.21192173004507553, 0.2316330794293128, 0.25134393278856026, 0.276122660062438, 0.3009007170322755, 0.32567815732239597, 0.3504550345571226, 0.3752314559851019, 0.40683347620640514, 0.43843504062096106, 0.5332387150024877, 0.5648402257927203, 0.5964420047045691, 0.6274121427131999, 0.6583827097164163, 0.6893537593385418, 0.7203253988282228, 0.7481371178234703, 0.7759494266862732, 0.7898558224271292, 0.8037626471625708, 0.8176700081412448, 0.8285738171519972, 0.8394780551573354, 0.850382883030229, 0.8612883543950013, 0.8721944692516522, 0.8793357812479388, 0.886477468614488, 0.8936195313512997, 0.900761969458374, 0.9079049438086805, 0.9150484544022192, 0.9204064895297973, 0.9257647391546683, 0.9311234177741251, 0.9364825253881677, 0.9418419547481496, 0.9472018131027173, 0.9525621004518707, 0.95792281679561, 0.962736886788436, 0.9675514930244944, 0.9723663137578457, 0.9771816707344291, 0.9819974567055982, 0.9868136716713533, 0.991630315631694, 0.9918866398966896, 0.9921417844265742, 0.992395749221348, 0.992648319783718, 0.9928992816163915, 0.9931440230275713, 0.9933869412117617, 0.993627928920316, 0.993866878904588, 0.9941481921042045, 0.9944260733471348, 0.9947002008874396, 0.9949702529791797, 0.9952360151250621, 0.9954973800764404, 0.9957538115900824, 0.996005309665988, 0.9962514453095717, 0.9964921112721866, 0.9967268785592475, 0.996955532673461, 0.9971653110259009, 0.9973692979514329, 0.9975672789527642, 0.9977588250353089, 0.9979439361990672, 0.9981330155627438, 0.9983141585265838, 0.9984872578419406, 0.9986520990115214, 0.9988082530407404, 0.9989556126809512, 0.9990862415323172, 0.9992086122379071, 0.9993222958031353, 0.999427399476648, 0.9995233870152134, 0.9996103656674775, 0.9996877991902083, 0.9997557948320523, 0.9998138163497773, 0.9998618637433832, 0.9998990790236985, 0.9999261056826017, 0.9999429437200931, 0.9999492713902332, 1.0]
rooty = [0.0, 0.00025485629914736256, 0.0005085462692646722, 0.0007609291465034743, 0.0010118507609345089, 0.0012611703487093214, 0.0015043298423541422, 0.001745659405969052, 0.0019850115726651944, 0.0022222522816345166, 0.002501735551221042, 0.0027777868641214345, 0.003050164910881201, 0.0033186417881266527, 0.003582982889443698, 0.0038429402023374415, 0.004098279120393791, 0.00434877174023906, 0.004594170049378349, 0.004834246144437972, 0.005068752012923033, 0.0052974664545002445, 0.005507579958960233, 0.005712136642926463, 0.0059109220091060535, 0.0061037483723677295, 0.006290407938459011, 0.006481431183852387, 0.0066650676787220935, 0.006841069410573237, 0.007009208476032126, 0.007169250268684671, 0.007320946776035976, 0.007456126991835268, 0.0075834914625251245, 0.007702825690812663, 0.007813948694607012, 0.00791664597661529, 0.008010736554746626, 0.008096005931708138, 0.008172266422368549, 0.008239310232475384, 0.008296942973856962, 0.008344199408695312, 0.008381991150485187, 0.00841014392017612, 0.008428463329596432, 0.0086768914129977, 0.00893537405700287, 0.00920356270351101, 0.009481108794421184, 0.009767657068592051, 0.010062852264882278, 0.01034879056237651, 0.010641800567495488, 0.010941600752542302, 0.011247882777658433, 0.011560365115146973, 0.011967454164877848, 0.012383525288748212, 0.012807961807041024, 0.01324016044612005, 0.013679497823227848, 0.01412536396168778, 0.014577142181782809, 0.015218401947978615, 0.015868375666697805, 0.016525374171758922, 0.017187902685152186, 0.01785542496364539, 0.018736720606658402, 0.019625664418770786, 0.02052172015675033, 0.021547942236308022, 0.02258191303057112, 0.02362286168989333, 0.024670024067668748, 0.025722629314251084, 0.02677991328303443, 0.028449707677726827, 0.030129690693831177, 0.031819969579993924, 0.033476317675638696, 0.03514259967716012, 0.036818922833204655, 0.038505354174176304, 0.040202014354802335, 0.04190895699940595, 0.043626302762714404, 0.04520974859094047, 0.04680206924465958, 0.04840333175427576, 0.05001350930762741, 0.051632387407421626, 0.053259751556365545, 0.055044476281800966, 0.056838746136769695, 0.05864229299965563, 0.060454808530600236, 0.06227602460798743, 0.06410564629803948, 0.06594339207305949, 0.06797394410221998, 0.07001361226632799, 0.07206199438295939, 0.07411882233049807, 0.07618385479948954, 0.0782568504804793, 0.08033759487617446, 0.08242586008320135, 0.08452140479210547, 0.08662401450559393, 0.08869570979674558, 0.09077378638236051, 0.09285800295298423, 0.09494815841740466, 0.09497889856069099, 0.09500010698052483, 0.09501182389514858, 0.09501411633496626, 0.09500703792430111, 0.09499066909963796, 0.09496675265148147, 0.0949346584940338, 0.0948944402516182, 0.09484615154855784, 0.09478983260309518, 0.09472553703955341, 0.09465330507617496, 0.09457320374336385, 0.09448525985328171, 0.09438954043633253, 0.0942880027803139, 0.09417905156161001, 0.09406272699846323, 0.09393908271519683, 0.09380571902334664, 0.09366486133232634, 0.09351656326645916, 0.0933608784500683, 0.0931978336953154, 0.09303060624335126, 0.0928563808172068, 0.09267521104120525, 0.09248713713358903, 0.09228817748835896, 0.09208211262030215, 0.09186902296590341, 0.09164896214948595, 0.09142209104401945, 0.09118862414679679, 0.09094877595511086, 0.09070329720948675, 0.09045185275790431, 0.09019468390981805, 0.08993196494427844, 0.08966391035857835, 0.08939565468166617, 0.08912263984606816, 0.08884508034907719, 0.08856315046974371, 0.08827116602980634, 0.08797505251698094, 0.08767501102247964, 0.08737125604359529, 0.08706397526545917, 0.08675339659144497, 0.08643970770668397, 0.08612313651454984, 0.08580387070017387, 0.08548212476084892, 0.0851580997877871, 0.08483201027828129, 0.08450405732354353, 0.08417445542086675, 0.08387103559400252, 0.0835665700928355, 0.08326120638425452, 0.08295509193514845, 0.08264840102456777, 0.08234129452548211, 0.06438347391664656, -0.08722048036641929, -0.0873528255103333, -0.08748011540969867, -0.08760198401566843, -0.08771808067544151, -0.08782807159855287, -0.08793164027581349, -0.08802848894560049, -0.08811833890806212, -0.08820093175575412, -0.08827602994968221, -0.08834341747389594, -0.08840290046389866, -0.08845430783505757, -0.08849749174081945, -0.08853232794255601, -0.0885587162481419, -0.08857658075333603, -0.08858587007273049, -0.0885865574868296, -0.0885809118858258, -0.08716965623832665, -0.08574928197701512, -0.08432021093972122, -0.0828828645801103, -0.08143766518972768, -0.07998503422223871, -0.07852539438812878, -0.07705916546530307, -0.07520721092038965, -0.07334634887266121, -0.0714774205536883, -0.0696013367390856, -0.06771913472435542, -0.0653111462204451, -0.0628970830861699, -0.05564017548238028, -0.053223491459307666, -0.050810862775678624, -0.04845152661477048, -0.04609825000238628, -0.04375210877651066, -0.04141416872056762, -0.03932266594502627, -0.037239478291104355, -0.03620229003744801, -0.03517006873672999, -0.03414450020361155, -0.03334620830990397, -0.0325538586615133, -0.03176826232632825, -0.030990240426798134, -0.030220604030811678, -0.029721609594120714, -0.029226931915449027, -0.028737516123493383, -0.028254454813839407, -0.027778827175991918, -0.02731172580553654, -0.026967652038630534, -0.026629436729036404, -0.026297542386541924, -0.02597242481789448, -0.025654546532881847, -0.0253443700412918, -0.025042344446831323, -0.02474893225928819, -0.02449317775272688, -0.024245064712224533, -0.02400493499284169, -0.02377311034051767, -0.023549925907272607, -0.023335716845126628, -0.02313081830609986, -0.023115863822961658, -0.023092456805875766, -0.023060731315650247, -0.023020834819173955, -0.022972928189416552, -0.022918211270610108, -0.022856047273916366, -0.02278657026014339, -0.022709920993139624, -0.02260952285398944, -0.02249939860321508, -0.02237978284723063, -0.02225091019245019, -0.02211302865136865, -0.021966359424319296, -0.02181115722683743, -0.021647643259256336, -0.02147606553407091, -0.021296651954654845, -0.021109643830462627, -0.020915275767908352, -0.020725485881949054, -0.02052956941706178, -0.0203277140583778, -0.020120120897109187, -0.01990699772750843, -0.01967511945086119, -0.01943747655946771, -0.019194303659742087, -0.018945835358098403, -0.018692306260950756, -0.018433950974713235, -0.018186159680150218, -0.017934494028234493, -0.01767914840713774, -0.017420317205031635, -0.017158208216168657, -0.016893009125680078, -0.01662493443085878, -0.01635416511379564, -0.016080908968743132, -0.01580536708691334, -0.01553270080941626, -0.015258211304929672, -0.01498207955554445, -0.01470449324639186, 0.0]
roots = [4, 0.0, 0.0, 0.0, 0.0, 0.0, 0.0, 0.0, 0.0, 0.0, 0.0, 0.0, 0.0, 0.0, 0.0, 0.0, 0.0, 0.0, 0.0, 0.0, 0.0, 0.0, 0.0, 0.0, 0.0, 0.0, 0.0, 0.0, 0.0, 0.0, 0.0, 0.0, 0.0, 0.0, 0.0, 0.0, 0.0, 0.0, 0.0, 0.0, 0.0, 0.0, 0.0, 0.0, 0.0, 0.0, 0.0, 0.0, 0.0, 0.0, 0.0, 0.0, 0.0, 0.0, 0.0, 0.0, 0.0, 0.0, 0.0, 0.0, 0.0, 0.0, 0.0, 0.0, 0.0, 0.0, 0.0, 0.0, 0.0, 0.0, 0.0, 0.0, 0.0, 0.0, 0.0, 0.0, 0.0, 0.0, 0.0, 0.0, 0.0, 0.0, 0.0, 0.0, 0.0, 0.0, 0.0, 0.0, 0.0, 0.0, 0.0, 0.0, 0.0, 0.0, 0.0, 0.0, 0.0, 0.0, 0.0, 0.0, 0.0, 0.0, 0.0, 0.0, 0.0, 0.0, 0.0, 0.0, 0.0, 0.0, 0.0, 0.0, 0.0, 0.0, 0.0, 0.0, 0.0, 0.0, 0.0, 0.0, 0.0, 0.0, 0.0, 0.0, 0.0, 0.0, 0.0, 0.0, 0.0, 0.0, 0.0, 0.0, 0.0, 0.0, 0.0, 0.0, 0.0, 0.0, 0.0, 0.0, 0.0, 0.0, 0.0, 0.0, 0.0, 0.0, 0.0, 0.0, 0.0, 0.0, 0.0, 0.0, 0.0, 0.0, 0.0, 0.0, 0.0, 0.0, 0.0, 0.0, 0.0, 0.0, 0.0, 0.0, 0.0, 0.0, 0.0, 0.0, 0.0, 0.0, 0.0, 0.0, 0.0, 0.0, 0.0, 0.0, 0.0, 0.0, 0.0, 0.0, 0.0, 0.0, 0.0, 0.0, 0.0, 0.0, 0.0, 0.0, 0.0, 0.0, 0.0, 0.0, 0.0, 0.0, 0.0, 0.0, 0.0, 0.0, 0.0, 0.0, 0.0, 0.0, 0.0, 0.0, 0.0, 0.0, 0.0, 0.0, 0.0, 0.0, 0.0, 0.0, 0.0, 0.0, 0.0, 0.0, 0.0, 0.0, 0.0, 0.0, 0.0, 0.0, 0.0, 0.0, 0.0, 0.0, 0.0, 0.0, 0.0, 0.0, 0.0, 0.0, 0.0, 0.0, 0.0, 0.0, 0.0, 0.0, 0.0, 0.0, 0.0, 0.0, 0.0, 0.0, 0.0, 0.0, 0.0, 0.0, 0.0, 0.0, 0.0, 0.0, 0.0, 0.0, 0.0, 0.0, 0.0, 0.0, 0.0, 0.0, 0.0, 0.0, 0.0, 0.0, 0.0, 0.0, 0.0, 0.0, 0.0, 0.0, 0.0, 0.0, 0.0, 0.0, 0.0, 0.0, 0.0, 0.0, 0.0, 0.0, 0.0, 0.0, 0.0, 0.0, 0.0, 0.0, 0.0, 0.0, 0.0, 0.0, 0.0, 0.0, 0.0, 0.0, 0.0, 0.0, 0.0, 0.0, 0.0, 0.0, 0.0, 0.0, 4]
tipx = [0.9998115129510871, 0.9997917319446634, 0.9997555748591516, 0.9997033659733451, 0.9996353484963395, 0.9995500631735625, 0.9994489692595864, 0.999332228893808, 0.9992002474247197, 0.9990532680614168, 0.9988915340129947, 0.9987153695582471, 0.9985250179062697, 0.9983208033358559, 0.9981029690561014, 0.9978934038855896, 0.9976729753754845, 0.9974420078045799, 0.9972005822425744, 0.9969491040379601, 0.9966875731907371, 0.9964163139796993, 0.9961069520103867, 0.9957863213529884, 0.9954547462862985, 0.9951125510891106, 0.9947601411099172, 0.9944314845523716, 0.9940952074431711, 0.9937517962005065, 0.9934014940334729, 0.9930447873602611, 0.9926820815293637, 0.9923137008195742, 0.9918772215630806, 0.9914341756610119, 0.9909851306012575, 0.9905307349414049, 0.9900715561693433, 0.9896082428426604, 0.9892162708506198, 0.9888221910464193, 0.9884262466391543, 0.9880289240470156, 0.9876232512759358, 0.9872168488775698, 0.98681012220041, 0.9864033955232502, 0.9859970741945827, 0.9820172005579216, 0.9780368405030699, 0.9740559940300274, 0.9700746611387941, 0.9660204465886479, 0.9619658266900093, 0.95791072037318, 0.953855289777557, 0.9497994538334414, 0.9447291116828327, 0.939658283114033, 0.9345868870573443, 0.9295151667218616, 0.9243507837210424, 0.9191860764414294, 0.9140210448830225, 0.9088557701155202, 0.9036902521389226, 0.8986168293397724, 0.8935432444012252, 0.8884695783929797, 0.8833959123847341, 0.876938548763221, 0.8704813472811047, 0.864024226868687, 0.857567430735063, 0.8511109588802329, 0.8446547302344981, 0.8381988258675572, 0.8317431647097117, 0.8251704389072939, 0.8185980373836701, 0.8120258790691415, 0.8054541261031053, 0.7988826974158628, 0.7911995599536767, 0.7835169899793799, 0.7758348253535754, 0.7681531471459615, 0.76047187428684, 0.7527911689156077, 0.7444126966497542, 0.7360347918717899, 0.7276575356514132, 0.7192807658492274, 0.7109046446046292, 0.7025291719176185, 0.6941542667184972, 0.6857800100769635, 0.677406320923319, 0.6690332803272622, 0.6606608477539437, 0.6522891042730622, 0.6439179688149191, 0.6355475224492129, 0.6262266149387944, 0.6169065586602097, 0.6075873536134588, 0.5982689592636926, 0.5889514161457601, 0.5796347647945106, 0.5703189241402458, 0.5610040157875131, 0.5518039831974944, 0.5426048423741585, 0.5334065933175058, 0.5242092360275361, 0.5150127705042494, 0.505259923640451, 0.4955080901478833, 0.4857572700265463, 0.47600746327643995, 0.46625862936271517, 0.45651080882022105, 0.444814640214705, 0.4331198497940627, 0.421426397023445, 0.4097342413680025, 0.3980433422928862, 0.38564531277297687, 0.37324866143794133, 0.3608533477529304, 0.34845937171794394, 0.3360667130655574, 0.3236752907260724, 0.3119931066435402, 0.3003119764670879, 0.2886319204641402, 0.27695285756499866, 0.2652748283045124, 0.25041325278788557, 0.2355532378629541, 0.2206947227274441, 0.20583764657908166, 0.19098198915044226, 0.17612770990667662, 0.16127477844664784, 0.14642312383436973, 0.13157271566870543, 0.11672352354851799, 0.10097566368722014, 0.08522906040624836, 0.06948368330446576, 0.053739466512742334, 0.037996374563084995, 0.022254354253504135, 0.021694502116527153, 0.021133152723556786, 0.020570738024080132, 0.020007691234298318, 0.01944444557041248, 0.018932596828634466, 0.018421268706326235, 0.01791078548228161, 0.0174014739687225, 0.01689365971115677, 0.01638766952180633, 0.015883826412750966, 0.015382458462926624, 0.014883889951127133, 0.014388446422860357, 0.013896454690348206, 0.013408240299098545, 0.012924128794619242, 0.012444445722418164, 0.011978966314729594, 0.011518359955946725, 0.011062931924152811, 0.010612989397502161, 0.010160818720857976, 0.009714976547549608, 0.009275786523013863, 0.008843571659330534, 0.008418654968579412, 0.008000457562444949, 0.007590241721466405, 0.0071883323577946285, 0.006795056283651525, 0.006410708643408041, 0.006035498444880509, 0.005669622662101902, 0.005320308532018275, 0.004980331984468667, 0.004649876692988646, 0.004329127281149309, 0.00401270844792873, 0.0037067377887753327, 0.0034114091109369916, 0.0031269178050541283, 0.002853457995053127, 0.0025958075679475543, 0.0023491704277095416, 0.0021137311979101854, 0.0018896738687635614, 0.0016734278900739478, 0.0014693675420944276, 0.0012776872654298944, 0.0010985818965333785, 0.0009322459551794011, 0.0007788741194817376, 0.0006386610279693499, 0.0005118013191712002, 0.0003984896712010638, 0.0002989206236258686, 0.0002204925583337015, 0.0001537291381223214, 9.877659918973876e-05, 5.5781187630167534e-05, 2.4889127271363944e-05, 6.2466543113385e-06, 0.0, 0.0, 0.07092933843477922, 0.07100896914608881, 0.07115025336307511, 0.07130187903347084, 0.07146342054135912, 0.07163441173597383, 0.07181436113226805, 0.07200275191091413, 0.07219904191830363, 0.07240266873340351, 0.07261304460089996, 0.07282957163176684, 0.07305162153584112, 0.07327855588924745, 0.07350972613439816, 0.073744463446281, 0.07398210406673981, 0.07422195383648161, 0.07446333379678177, 0.07470553965463497, 0.07494788231760433, 0.14206628623359505, 0.20908817667357246, 0.2761106447351514, 0.41015718198485374, 0.4771792446979404, 0.5102068371751588, 0.5432336189553926, 0.5762595495037927, 0.6014787923695578, 0.6266975893519815, 0.651915980985913, 0.6771340078062013, 0.7023517103476957, 0.7208444381930699, 0.7393370038990471, 0.757829488535326, 0.7780027912297178, 0.7880889966935724, 0.7981745535998391, 0.8082594619485183, 0.8183433163911176, 0.8284261169276368, 0.8361889459034063, 0.8439508831124927, 0.8517118474851977, 0.8594716768821242, 0.8673715136482865, 0.8752700532992732, 0.8831672147653863, 0.8910629169769272, 0.8989570788641973, 0.9055342635000302, 0.9121102320903862, 0.918684903565567, 0.9252583589952708, 0.9318303551704025, 0.9384010542303587, 0.9439192253952452, 0.9494363426540516, 0.9549523249370798, 0.9604672533140279, 0.9660811677927923, 0.9716939472957783, 0.9773053486138905, 0.9829154528168275, 0.988524259904589, 0.9889248252846661, 0.9893225532252972, 0.9897172005173868, 0.9901084428821413, 0.990503090174231, 0.9908937650510962, 0.9912800621642448, 0.9916617383045813, 0.9920385502630104, 0.9924102548304367, 0.9927765277280662, 0.9931370446771055, 0.9934915624684588, 0.9938397568233325, 0.9942019762360393, 0.9945564940273927, 0.9949029048489003, 0.9952409654914668, 0.9955703516762984, 0.9958906580549028, 0.9961841303633179, 0.996468928213998, 0.9967448894675464, 0.9970116087754706, 0.9972689239983737, 0.9975311844728828, 0.9977821762593063, 0.9980215750788504, 0.9982490566527213, 0.9984642156324267, 0.9986667277391729, 0.9988563497638643, 0.9990326763580086, 0.9991953832428122, 0.9993441461394812, 0.9994785596995233, 0.9995984617835415, 0.9996876384518444, 0.9997660328502526, 0.9998334828393689, 0.9998898262797966, 0.999935468520028, 0.9999692745842848, 0.9999908391240744, 1.0, 0.9999965950726648, 0.9998115129510871]
tipy = [0.007464477284878515, 0.00790414866074885, 0.00834255332258079, 0.008779235253320514, 0.00921370803477728, 0.00965331860837377, 0.010089666126607359, 0.01052223377015038, 0.010950524987099784, 0.011374053359264828, 0.011792302067317845, 0.012204784693068096, 0.012610994550900218, 0.013010435088911166, 0.013402609755197884, 0.013752405236616102, 0.014095400997076221, 0.014431242356647493, 0.01475952396683763, 0.015079891147715881, 0.015391968951926885, 0.015695372298402968, 0.01601865798842568, 0.016330502717253618, 0.016630409932983734, 0.016917984420836047, 0.017193053907701338, 0.017432148715876245, 0.017660694329539407, 0.01787856914414314, 0.01808568195627668, 0.01828191116139234, 0.01846715542236705, 0.018641313402077735, 0.018830337537743012, 0.019003938163276803, 0.01916196327299451, 0.01930423046007459, 0.019430577585120144, 0.01954082224130963, 0.019620868434823812, 0.01968934192888323, 0.019746141386364807, 0.019791155336433167, 0.019824778993868294, 0.01984598885372716, 0.01985466331146208, 0.019850701029949985, 0.01983401080578011, 0.01961359242938728, 0.019405172368366117, 0.01920849727990894, 0.019023354356057304, 0.018846440006599074, 0.018680976752047922, 0.018526731517020785, 0.01838344082499768, 0.018250881734307844, 0.018099879287218998, 0.01796476650102776, 0.0178450670912557, 0.017740284505999765, 0.01764844267136006, 0.017571081911607275, 0.017507675273701437, 0.017457736339451798, 0.01742073815581839, 0.01739652871711661, 0.01738384130930806, 0.017382209781626606, 0.017391137582169206, 0.017417029217113977, 0.017458263292491772, 0.017513866971921106, 0.017583039692129713, 0.017665406505762232, 0.01776068366887406, 0.017868587437520598, 0.017988803666620323, 0.018123561772880808, 0.018270480333909874, 0.018429255338338307, 0.01859955237365997, 0.01878108769593026, 0.019007160683790478, 0.01924765394426377, 0.019502091192871704, 0.019769955610286608, 0.02005075064460544, 0.02034400001134976, 0.02067750048337808, 0.021024661199596437, 0.02138523895090946, 0.021759051330495622, 0.02214596660009493, 0.022545812486598166, 0.0229584167168961, 0.023383647552728745, 0.02382132258727457, 0.024271289814848968, 0.024733387096055028, 0.02520745229149583, 0.025693333395486767, 0.026190868268630933, 0.026758457494954424, 0.027340081912823323, 0.027935518580566865, 0.028544544556514295, 0.02916693689899486, 0.0298024828000501, 0.03045094918429696, 0.031112133377489297, 0.03177747239272756, 0.032454779322200575, 0.033143851491662185, 0.03384446595944164, 0.034556409917580494, 0.03532365354377946, 0.03610314882815777, 0.03689465256162006, 0.03769794180249557, 0.03851277334168892, 0.03933890397010474, 0.04034485732341094, 0.0413663355239717, 0.04240293322329473, 0.04345424507288774, 0.04451985559054614, 0.04566522855777412, 0.04682575142490129, 0.04800091750631229, 0.04919026065124099, 0.05039328430778435, 0.051609502057751624, 0.05276786644415737, 0.053937114437580994, 0.05511684068953021, 0.05630663985151274, 0.05750610657503629, 0.05904605589836778, 0.06060047616287389, 0.0621689417526377, 0.06375098651689311, 0.06534619497343548, 0.06695412123892334, 0.06857432956372747, 0.07020636393079405, 0.07184980885791846, 0.07350419819433461, 0.07527035224378631, 0.07704781551617279, 0.07883606105845409, 0.08063456191759022, 0.08244281140796583, 0.08426027244282863, 0.08431699083061175, 0.08435784995863418, 0.08438293089659438, 0.08439234511532773, 0.08438618381824498, 0.08436714257281984, 0.08433539365216154, 0.08429098772483161, 0.08423402612795311, 0.0841645493963753, 0.08408265886722122, 0.08398841534276472, 0.08388189989270425, 0.08376318345302598, 0.08363232682600376, 0.08348942121504832, 0.08333452742243352, 0.08316772651785784, 0.08298908943730739, 0.08280261899714352, 0.08260492040374331, 0.08239605445938064, 0.08217610223375393, 0.08194083796883113, 0.08169421381241201, 0.08143632096790734, 0.08116721010387866, 0.08088698255744903, 0.08059503030588003, 0.08029205257532085, 0.07997812030175763, 0.07965329428746423, 0.07931771640441294, 0.07897168053026069, 0.07861549067637666, 0.07825690926638813, 0.07788917711418626, 0.07751262863227718, 0.07712754756460545, 0.07672700245195303, 0.07631825916604412, 0.07590161158453564, 0.07547738398622139, 0.07504591078360755, 0.07461536988252596, 0.07417844474269086, 0.07373541910804686, 0.07328659698996316, 0.07282398288942944, 0.07235599792137293, 0.07188294609716285, 0.07140516182930531, 0.07092294912916956, 0.07043664240926173, 0.06994654568095102, 0.06945298322303126, 0.06895626918058397, 0.06845671769869069, 0.0680003966334997, 0.06754223123266882, 0.06708247483900572, 0.06662135039418114, 0.06615910110729048, 0.06569597018742909, 0.06523220084369236, 0.038160414031056994, -0.08009342326378094, -0.08021512313169812, -0.08041206502179964, -0.08060115455157715, -0.08078184877572595, -0.08095362826232066, -0.08111599970541299, -0.08126849679589751, -0.08141068125071696, -0.08154214483168765, -0.08166250974134763, -0.08177143032510367, -0.08186859362541868, -0.08195372054956364, -0.08202656658214433, -0.08208692242835453, -0.08213461473145073, -0.08216950648591868, -0.0821914974586805, -0.08220052448041416, -0.0821965616190464, -0.0774783732012154, -0.07277033374976136, -0.06806731966957612, -0.0586706854605144, -0.053963160611638444, -0.051637210160627445, -0.04930578497154251, -0.046966919104196043, -0.04517380684657924, -0.04337288909705786, -0.04156263313164543, -0.03974151129321167, -0.03790799339119818, -0.03655465131314671, -0.03519321746581797, -0.03382308889332971, -0.03231637814636566, -0.031555275549824825, -0.030786750009019002, -0.030009119327705204, -0.029220686109071983, -0.028419768156876354, -0.027793484468869843, -0.02715802470436921, -0.026512613634382957, -0.02585648616363189, -0.02517661540494517, -0.02448401670360067, -0.023777874295757662, -0.02305737748443158, -0.022321705438925536, -0.021696470590142816, -0.021059668108761486, -0.020410816643446954, -0.019749455110289246, -0.019075102157953768, -0.01838729670253055, -0.017798796560861252, -0.017200188041165573, -0.016591192466355063, -0.01597153622619743, -0.01532936287729331, -0.014675545892948274, -0.014009796462361569, -0.013331810574163978, -0.012641304484410905, -0.012584454358367792, -0.012513954121846946, -0.012430077385080663, -0.012333097758301234, -0.012221170905868757, -0.012096222233121593, -0.011958545617716648, -0.011808419736742369, -0.011646128334143354, -0.011471965287576515, -0.011286214340986448, -0.011089159238317756, -0.010881083723515036, -0.010662276607379045, -0.010418798968631297, -0.01016391583668185, -0.009897961624036842, -0.009621285943770867, -0.009334218141533911, -0.009037107830400569, -0.008748079154832179, -0.008450710434035004, -0.0081452904788098, -0.007832097966245009, -0.007511426773997543, -0.007163460427650766, -0.006807736724532866, -0.006444605277718439, -0.0060743954328574675, -0.005697456803024548, -0.00531412886758197, -0.004924751105892024, -0.004529662997316998, -0.00412921415493149, -0.0037237339243854817, -0.0033135719187535697, -0.0028990625505418903, -0.0025477672797022148, -0.002193852444231141, -0.001837520718374812, -0.0014789646426670634, -0.0011118253126351583, -0.000742806178970277, -0.00037213018334317655, 0.0, 0.0003733664962446489, 0.007464477284878515]
tips = [4, 0.0, 0.0, 0.0, 0.0, 0.0, 0.0, 0.0, 0.0, 0.0, 0.0, 0.0, 0.0, 0.0, 0.0, 0.0, 0.0, 0.0, 0.0, 0.0, 0.0, 0.0, 0.0, 0.0, 0.0, 0.0, 0.0, 0.0, 0.0, 0.0, 0.0, 0.0, 0.0, 0.0, 0.0, 0.0, 0.0, 0.0, 0.0, 0.0, 0.0, 0.0, 0.0, 0.0, 0.0, 0.0, 0.0, 0.0, 0.0, 0.0, 0.0, 0.0, 0.0, 0.0, 0.0, 0.0, 0.0, 0.0, 0.0, 0.0, 0.0, 0.0, 0.0, 0.0, 0.0, 0.0, 0.0, 0.0, 0.0, 0.0, 0.0, 0.0, 0.0, 0.0, 0.0, 0.0, 0.0, 0.0, 0.0, 0.0, 0.0, 0.0, 0.0, 0.0, 0.0, 0.0, 0.0, 0.0, 0.0, 0.0, 0.0, 0.0, 0.0, 0.0, 0.0, 0.0, 0.0, 0.0, 0.0, 0.0, 0.0, 0.0, 0.0, 0.0, 0.0, 0.0, 0.0, 0.0, 0.0, 0.0, 0.0, 0.0, 0.0, 0.0, 0.0, 0.0, 0.0, 0.0, 0.0, 0.0, 0.0, 0.0, 0.0, 0.0, 0.0, 0.0, 0.0, 0.0, 0.0, 0.0, 0.0, 0.0, 0.0, 0.0, 0.0, 0.0, 0.0, 0.0, 0.0, 0.0, 0.0, 0.0, 0.0, 0.0, 0.0, 0.0, 0.0, 0.0, 0.0, 0.0, 0.0, 0.0, 0.0, 0.0, 0.0, 0.0, 0.0, 0.0, 0.0, 0.0, 0.0, 0.0, 0.0, 0.0, 0.0, 0.0, 0.0, 0.0, 0.0, 0.0, 0.0, 0.0, 0.0, 0.0, 0.0, 0.0, 0.0, 0.0, 0.0, 0.0, 0.0, 0.0, 0.0, 0.0, 0.0, 0.0, 0.0, 0.0, 0.0, 0.0, 0.0, 0.0, 0.0, 0.0, 0.0, 0.0, 0.0, 0.0, 0.0, 0.0, 0.0, 0.0, 0.0, 0.0, 0.0, 0.0, 0.0, 0.0, 0.0, 0.0, 0.0, 0.0, 0.0, 0.0, 0.0, 0.0, 0.0, 0.0, 0.0, 0.0, 0.0, 0.0, 0.0, 0.0, 0.0, 0.0, 0.0, 0.0, 0.0, 0.0, 0.0, 0.0, 0.0, 0.0, 0.0, 0.0, 0.0, 0.0, 0.0, 0.0, 0.0, 0.0, 0.0, 0.0, 0.0, 0.0, 0.0, 0.0, 0.0, 0.0, 0.0, 0.0, 0.0, 0.0, 0.0, 0.0, 0.0, 0.0, 0.0, 0.0, 0.0, 0.0, 0.0, 0.0, 0.0, 0.0, 0.0, 0.0, 0.0, 0.0, 0.0, 0.0, 0.0, 0.0, 0.0, 0.0, 0.0, 0.0, 0.0, 0.0, 0.0, 0.0, 0.0, 0.0, 0.0, 0.0, 0.0, 0.0, 0.0, 0.0, 0.0, 0.0, 0.0, 0.0, 0.0, 0.0, 0.0, 0.0, 0.0, 0.0, 0.0, 0.0, 0.0, 0.0, 0.0, 0.0, 0.0, 0.0, 0.0, 0.0, 0.0, 0.0, 0.0, 0.0, 0.0, 0.0, 0.0, 0.0, 0.0, 0.0, 0.0, 0.0, 0.0, 0.0, 0.0, 0.0, 0.0, 0.0, 0.0, 0.0, 0.0, 0.0, 0.0, 0.0, 4]
nameroot = elevon_root.dxf
nametip = elevon_tip.dxf

[Transform]
croot = 71.1
ctip = 47.1
incidenceroot = 0.0
thicknessroot = 100.0
tethicknessroot = 0.0
vinvertroot = 0
incidencetip = 0.0
thicknesstip = 100.0
tethicknesstip = 0.0
vinverttip = 0
covering = 0.0
smooth = 1
nbrpoints = 201
repartition = 1.0
reducepoints = 0

[Bloc]
bloclx = 540.8
blochz = 50.0
fleading = 150.0
ftrailing = 126.0
mleading = 5.0
mtrailing = 10.0
cbcutboth = 0
cbrotdelta = 0
rbleftwing = 0
rbrightwing = 1
rbtabletoblockleft = 1
rbtabletoblockright = 0
bloctotableleft = 151.0
bloctotableright = 163.2
bloctotabletrailingroot = 170.0
hoffset = 0.0
hprofileroot = 11.0
hprofiletip = 20.0
cbalignprofiles = 3
angleinroot = 0.0
angleintip = 0.0
angleoutroot = 0.0
angleouttip = 0.0
gbextracutcmdsactive = 1
extracutcommands = 
	L; TE;=; 90;=; 5;=

[Material]
mspeednorm = 5.0
mspeedhalf = 2.5
mspeedmin = 0.5
mspeedmax = 5.5
mradspnorm = 1.2
mradsphalf = 2.4
mheatspnorm = 80.0
mname = grey 22kg/m3
mhotwire = NiCr, 800 mm x 0.3 mm, 24 V

[Table]
tableyy = 855.0
tableyg = 0.0
tableyd = 0.0
maxdiag = 1000.0
cmaxy = 660.0
cmaxz = 360.0
vmaxy = 60.0
vmaxz = 60.0
theatingmax = 100.0
tsvaluemin = 0.0
tsvaluemax = 1000.0
tname = My CNC
tcomport = Select port
tbaudrate = 115200
tpreheat = 4.0
tpostheat = 4.0
vcut = 5.0
gcodestart1 = 
gcodestart2 = 
gcodestart3 = 
gcodestart4 = 
gcodeend1 = 
gcodeend2 = 
gcodeend3 = 
gcodeend4 = 
gcodeletters = XYAZ

[Cut]
vcut = 5.0
vheat = 80.0
vusefoamparam = 1

[Guillotine]
gcuttingspeed = 5.0
gheating = 80.0
gusefoamparam = 1

